chrom id pos type region_tag1 region_tag2 cs_index susie_pip mu2
1 CDK11A 1703754 gene 1 1 0 0.356475734441484 22.039670962639
1 ATAD3B 1576604 gene 1 1 0 0.135161385207602 11.8111667691447
1 AGRN 1069577 gene 1 1 0 0.0822109487486019 7.32602932663057
1 HES4 976215 gene 1 1 0 0.0609669563597862 4.54424173378894
1 ARHGEF16 3385157 gene 1 2 0 0.041415108314501 6.73897772283071
1 SKI 2004141 gene 1 2 0 0.0373515391984821 6.00732413991316
1 CAMTA1 7669531 gene 1 6 0 0.0510273972657815 4.60964372049353
1 UTS2 7883259 gene 1 6 0 0.155214341694593 15.8339419367184
1 FBXO44 11880426 gene 1 9 0 0.0713883334838732 4.9743318704792
1 DHRS3 12770953 gene 1 10 0 0.174784166488353 14.2703558589138
1 CELA2B 15666843 gene 1 11 0 0.139254197017274 16.7446712678678
1 FHAD1 15246306 gene 1 11 0 0.067179203031728 9.83589990467268
1 TMEM51 15155558 gene 1 11 0 0.0777103126140337 11.1996437442312
1 CASP9 15487691 gene 1 11 0 0.0603568192347589 8.83674312059897
1 CROCC 17005181 gene 1 12 0 0.0798781826240977 6.15724138150092
1 EMC1 19232090 gene 1 13 0 0.0529424973730373 4.6205237523661
1 ECE1 21262110 gene 1 14 0 0.189768370483527 14.3428991242777
1 WNT4 22096228 gene 1 15 0 0.0978195557180732 7.78416706728216
1 NBPF3 21449004 gene 1 15 0 0.0905474822777151 7.0536819942783
1 USP48 21522469 gene 1 15 0 0.0790660622013412 5.77694920531141
1 TCEA3 23526525 gene 1 16 0 0.0924108347403976 7.73608074207887
1 IFNLR1 24192947 gene 1 17 0 0.0825535377426407 6.02559111726582
1 DHDDS 26384884 gene 1 18 0 0.126760826417644 9.30593538013788
1 TAF12 28670745 gene 1 19 0 0.0231930774187953 5.93763388156694
1 ATP5IF1 28269573 gene 1 19 0 0.126287885280763 20.5900101822995
1 OPRD1 28679658 gene 1 19 0 0.222224992948437 29.125975923244
1 PHACTR4 28565781 gene 1 19 0 0.0490248361504109 13.7098973242893
1 SNRNP40 31362129 gene 1 20 0 0.0243460396154379 4.56483833627531
1 GRIK3 36954531 gene 1 22 0 0.0392657992836638 6.82917053455346
1 DNALI1 37516307 gene 1 23 0 0.138267292398422 11.8386230688657
1 NDUFS5 38991334 gene 1 24 0 0.0685088388886285 7.167435391473
1 BMP8A 39502011 gene 1 24 0 0.0583257080788088 5.61667871878121
1 RLF 40221696 gene 1 25 0 0.0633905791700065 13.0815664305767
1 PABPC4 39823421 gene 1 25 0 0.0243056803271187 4.97020154372928
1 SVBP 42830524 gene 1 26 0 0.0959204872507732 7.15031857381325
1 AKR1A1 45561683 gene 1 28 0 0.139851058522261 7.02307718155854
1 NSUN4 46352547 gene 1 28 0 0.1154950789611 5.1857862661498
1 SPATA6 48312577 gene 1 30 0 0.085187485549979 4.82815666560134
1 SLC5A9 48044133 gene 1 30 0 0.155162511768919 10.5579272665304
1 ELAVL4 50263308 gene 1 32 0 0.0522908337426606 5.27216388217966
1 SHISAL2A 52632886 gene 1 33 0 0.117680527890451 11.7729492571663
1 PATJ 61756317 gene 1 39 0 0.124394647795081 11.0046607020499
1 ITGB3BP 63393375 gene 1 40 0 0.091725271174478 8.1957303948525
1 CACHD1 64486071 gene 1 40 0 0.230911921279313 17.1669401977238
1 LEPR 65521522 gene 1 41 0 0.0419790351723187 5.56612600460132
1 SGIP1 66530181 gene 1 42 0 0.0719001771257718 4.6424603348936
1 ACADM 75724884 gene 1 47 0 0.0569133338703236 7.85515203270587
1 LRRIQ3 74244766 gene 1 47 0 0.166494972853644 18.0457935245142
1 TTLL7 84046398 gene 1 51 0 0.285321054811005 21.749307733896
1 SPATA1 84624269 gene 1 52 0 0.0614904605810839 5.69082519002151
1 LRRC8B 89599734 gene 1 54 0 0.0683427048584618 4.84555318564235
1 CDC7 91502721 gene 1 56 0 0.0941583137935711 7.61056818449484
1 ABCD3 94514567 gene 1 58 0 0.110148616041076 13.4804538280353
1 TAF13 109035161 gene 1 67 0 0.0977320229057411 11.8823293141966
1 STXBP3 108805931 gene 1 67 0 0.0466777450058079 4.75689538277869
1 CELSR2 109509517 gene 1 67 0 0.0544812483633573 6.18592711053025
1 SORT1 109532480 gene 1 67 0 0.045599206789515 4.54827184830571
1 CYB561D1 109730023 gene 1 67 0 0.0874071769915062 10.7090825947931
1 SLC25A24 108194680 gene 1 67 0 0.40373867028136 25.4822229349465
1 CLCC1 108785640 gene 1 67 0 0.0478150831390014 5.1615865839843
1 WNT2B 112409197 gene 1 69 0 0.147027548076356 16.7411620868226
1 PPM1J 112790567 gene 1 70 0 0.0824918108026423 6.78730358508952
1 TSPAN2 115096586 gene 1 71 0 0.0606500774234099 10.2632328897278
1 TRIM33 114445096 gene 1 71 0 0.67589920181416 18.0389453506269
1 SIKE1 114753837 gene 1 71 0 0.0763060319793936 15.5319682896248
1 GDAP2 117759750 gene 1 72 0 0.0347998482844421 7.09025530951547
1 CD58 116795449 gene 1 72 0 0.0306314895811998 5.91551505564321
1 NBPF12 147023772 gene 1 73 0 0.0559112097255475 8.11622614940054
1 THEM4 151958824 gene 1 74 0 0.161152403704943 8.2579171094283
1 S100A3 153770758 gene 1 75 0 0.0689628759396819 8.935638855099
1 KCNN3 154867811 gene 1 76 0 0.324034692424955 26.688587447485
1 LAMTOR2 155833414 gene 1 76 0 0.0451429298592147 6.0026322309425
1 MEF2D 156624864 gene 1 77 0 0.0667209802734222 4.74059068435808
1 NTRK1 156674874 gene 1 77 0 0.151820205623611 12.550062823324
1 ARHGEF11 156914792 gene 1 77 0 0.318418782555604 20.0287793721574
1 CCT3 156607997 gene 1 77 0 0.0752269574249784 5.86358074769055
1 MRPL24 156907457 gene 1 77 0 0.0906390300156014 7.61707584372527
1 PCP4L1 161266666 gene 1 79 0 0.0474759202814661 6.89326310607502
1 MGST3 165630223 gene 1 81 0 0.361999296790416 22.3790873342854
1 RXRG 165301778 gene 1 81 0 0.238817205345924 18.0088432898623
1 FAM78B 166407860 gene 1 81 0 0.059850251705504 4.69381464367221
1 ATP1B1 169500749 gene 1 83 0 0.0796156505270531 4.74632051648362
1 VAMP4 171856716 gene 1 84 0 0.0443812083755687 4.55990369998595
1 SLC9C2 173549900 gene 1 85 0 0.078187268213602 11.4253389081662
1 ANKRD45 173611164 gene 1 85 0 0.71653363267566 24.0363427385162
1 TDRD5 179591583 gene 1 89 0 0.0377805748849737 6.12375702093753
1 AXDND1 179373499 gene 1 89 0 0.0321718427290281 4.54633455076281
1 XPR1 180957609 gene 1 89 0 0.0703532179994498 10.8101546692481
1 RNASEL 182589002 gene 1 90 0 0.0579687821555587 4.82439172324378
1 DHX9 182613672 gene 1 90 0 0.103550255534095 10.2727725530316
1 COLGALT2 183920473 gene 1 91 0 0.134371287763903 14.7608155852537
1 PDC 186505645 gene 1 92 0 0.0777826958560239 8.13916349282166
1 NEK7 198410746 gene 1 99 0 0.0665440781793845 5.35144017221485
1 DDX59 200693707 gene 1 101 0 0.0434913290661275 5.13123910003699
1 LGR6 202109689 gene 1 102 0 0.0803952162822683 5.07208672053966
1 DSTYK 205292889 gene 1 104 0 0.0520392225961099 4.72107073429893
1 PM20D1 205798757 gene 1 104 0 0.280365751351633 20.9831261784459
1 CD46 207751847 gene 1 105 0 0.155028282309546 16.6297568051932
1 CD55 207330376 gene 1 105 0 0.0416123611940675 4.87849397515875
1 VASH2 212978238 gene 1 108 0 0.208366309565705 18.2283037583884
1 ANGEL2 213019116 gene 1 108 0 0.137491051647016 14.2152804258108
1 ENAH 225474420 gene 1 115 0 0.0600029255056129 5.79349992568346
1 SRP9 225947432 gene 1 115 0 0.0530852167514258 4.6256454656619
1 STUM 226340621 gene 1 115 0 0.0705150779816283 7.00586518740531
1 ZNF678 227726185 gene 1 116 0 0.0700281068740618 7.45359785062544
1 SNAP47 227726185 gene 1 116 0 0.0700281068740618 7.45359785062544
1 COQ8A 226873784 gene 1 116 0 0.189371645047122 16.9773232632467
1 TAF5L 229623696 gene 1 117 0 6.13953332617712e-14 10.8498654615702
1 NUP133 229234531 gene 1 117 0 1.49658063719471e-13 14.7513270683865
1 ARV1 230961008 gene 1 118 0 0.0664938683750371 4.88290462485899
1 TBCE 235275020 gene 1 121 0 0.214132716003883 15.3837553134698
1 ARID4B 234975037 gene 1 121 0 0.0821930659887504 6.22592578342066
1 GPR137B 236140031 gene 1 122 0 0.0736756100081734 6.37976305754201
1 RYR2 237794754 gene 1 123 0 0.0586909312377053 4.59628169919827
1 EFCAB2 245027793 gene 1 129 0 0.0816550928629868 8.27911444949051
1 ZNF124 247120018 gene 1 130 0 0.036850349000819 4.72980377475929
1 SMYD3 246544305 gene 1 130 0 0.13912104835693 17.2003502695114
1 OR2L13 247965938 gene 1 131 0 0.0578311784859445 5.049683135421
1 OR2L5 247937246 gene 1 131 0 0.0646762472191903 6.09223952869064
1 OR2L3 247965627 gene 1 131 0 0.0724792051797302 7.15718188444201
1 OR2L2 247965627 gene 1 131 0 0.0724792051797303 7.15718188444201
2 COLEC11 3537469 gene 2 2 0 0.0446201790557548 9.45148280716161
2 TRAPPC12 3481432 gene 2 2 0 0.0679921326781178 13.5546754316348
2 ALLC 3577209 gene 2 2 0 0.0279681740020805 5.10435848812335
2 ADAM17 9486236 gene 2 6 0 0.0626721275432507 8.33810546234768
2 ROCK2 10971020 gene 2 7 0 0.0362416078345176 5.45236162059998
2 E2F6 11361765 gene 2 7 0 0.113991091907997 16.1647450068944
2 KCNS3 18528277 gene 2 11 0 0.0995729714398659 5.88658233763294
2 CGREF1 26875898 gene 2 16 0 0.247583607232905 17.1080644923317
2 SLC5A6 27235922 gene 2 16 0 0.0829758221662154 9.66886801004119
2 LBH 30220369 gene 2 18 0 0.0776318086552548 6.36560048254178
2 LCLAT1 30440361 gene 2 19 0 0.133081548541277 7.15110315746187
2 GALNT14 31380198 gene 2 20 0 0.0933339573306828 8.2427213435755
2 XDH 31509846 gene 2 20 0 0.0831549794878833 7.15372509231896
2 RMDN2 37925698 gene 2 24 0 0.144296219160752 10.8625856812335
2 THUMPD2 39592199 gene 2 25 0 0.105235498267747 10.0779588144121
2 DYNC2LI1 43785067 gene 2 27 0 0.18601110646495 10.6327064113389
2 EPCAM 47364630 gene 2 30 0 0.0455119090121533 4.55979007733162
2 ACYP2 53900592 gene 2 35 0 0.0710813890229693 10.8782600760109
2 RTN4 55043349 gene 2 36 0 0.243250084862788 21.6592901680258
2 FANCL 58350836 gene 2 39 0 0.0711818050507669 20.6970353194104
2 USP34 61153487 gene 2 40 0 0.0384223535514538 6.54286860653249
2 VPS54 63858951 gene 2 41 0 0.0547377727977395 4.56019392626987
2 SPRED2 65309381 gene 2 42 0 0.079193824723437 4.61222382260181
2 C1D 68159768 gene 2 45 0 0.351388269240197 19.2547434890616
2 ZNF638 71342174 gene 2 47 0 0.0445639210243198 11.486702916726
2 MPHOSPH10 71146290 gene 2 47 0 0.0275564745232586 5.23947154292463
2 ACTG2 73664576 gene 2 48 0 0.0531850272432365 10.1682879976111
2 ALMS1 73375138 gene 2 48 0 0.0540909255889247 22.5974286754328
2 HK2 74780344 gene 2 48 0 0.0590100801695845 9.81491672521215
2 MRPL19 75700996 gene 2 49 0 0.0561609858159994 5.28166327584916
2 LRRTM4 77624666 gene 2 50 0 0.0471647278420103 4.98229820470798
2 ST3GAL5 85902950 gene 2 54 0 0.0589249219134421 6.58597090986995
2 REEP1 86335779 gene 2 54 0 0.142222921480682 14.9214432753791
2 RNF181 85768525 gene 2 54 0 0.175810078916085 16.9876493505023
2 THNSL2 88147373 gene 2 55 0 0.0782343382431798 4.83182611267767
2 RPIA 88689483 gene 2 55 0 0.0775287922540013 4.74677963183452
2 ANKRD36 97359885 gene 2 57 0 0.0816953068663101 6.5967592192172
2 ANKRD36C 96129975 gene 2 57 0 0.068818554837459 6.11249756001682
2 TSGA10 99151405 gene 2 58 0 0.0428629201956193 6.46945403773164
2 UNC50 98394708 gene 2 58 0 0.138234121420998 17.5271716106001
2 PDCL3 100585207 gene 2 58 0 0.0344367984600088 4.54341155508279
2 MAP4K4 101990064 gene 2 59 0 0.207358755627808 15.0294561941257
2 RGPD4 107632902 gene 2 64 0 0.109145893489623 6.58938934892814
2 GCC2 108701896 gene 2 65 0 0.0595036592296415 5.46842369068537
2 POLR1B 112558962 gene 2 66 0 0.052108253698727 5.25298241797924
2 PAX8 113220359 gene 2 67 0 0.0551184500544246 7.67081448038047
2 DBI 119392327 gene 2 69 0 0.047168688040132 11.8101986949433
2 GLI2 120727661 gene 2 70 0 0.100544797121349 10.0944545038264
2 MGAT5 134314782 gene 2 79 0 0.0906945363465076 12.7983245561356
2 CCNT2 134918338 gene 2 80 0 0.141869171594632 6.94700211327217
2 R3HDM1 135797955 gene 2 80 0 0.110517579384249 4.5511957553015
2 THSD7B 136729928 gene 2 81 0 0.440798822748677 24.2522454438505
2 LYPD6 149332928 gene 2 88 0 0.0219867217957452 6.24213555934513
2 ORC4 147757767 gene 2 88 0 0.0264951318623027 7.37363849489333
2 RND3 150489717 gene 2 89 0 0.072465358721467 4.73961347663052
2 UPP2 157716404 gene 2 95 0 0.0732782526915041 5.60234796653338
2 BAZ2B 159811597 gene 2 96 1 0.21904037175709 21.04583049024
2 SCN1A 166158265 gene 2 100 0 0.0580608754018854 4.62213991788665
2 GALNT3 165859347 gene 2 100 0 0.116692428193068 11.193785103288
2 SCN7A 166646963 gene 2 102 0 0.0273422404841774 5.96863155659717
2 PPIG 169528309 gene 2 103 0 0.0553761617390944 5.18352963052
2 PHOSPHO2 169646989 gene 2 103 0 0.0538321016762472 4.71709047538837
2 SP9 174234921 gene 2 105 0 0.0702679987957558 21.2318516527223
2 SCRN3 174337970 gene 2 105 0 0.0433061863387501 12.8207857052575
2 CHN1 174997941 gene 2 106 0 0.0611396725645214 8.77524193793203
2 WIPF1 174907004 gene 2 106 0 0.0539233457282932 7.12110271494282
2 SESTD1 179263852 gene 2 108 0 0.032729205237244 7.48180356196842
2 INPP1 190343621 gene 2 113 0 0.0805194473577232 6.2110284570029
2 C2orf66 196933973 gene 2 116 0 0.0527807441803035 5.16823814178172
2 ANKRD44 197304119 gene 2 117 0 0.0594625430916846 31.0477246397761
2 INO80D 206300260 gene 2 122 0 0.0255607736707244 5.76071930815632
2 CREB1 207501095 gene 2 122 0 0.0748896557088966 17.1315032978579
2 PIKFYVE 208330255 gene 2 123 0 0.22793474577462 14.0476513956598
2 LANCL1 210447841 gene 2 124 0 0.143055541262883 18.5977599349795
2 ERBB4 212717464 gene 2 125 0 0.0390258374375688 6.86382122727371
2 BARD1 214894803 gene 2 127 0 0.0898036811970446 10.0026693294354
2 CYP27A1 218720252 gene 2 129 0 0.0824287892752861 6.1549352182583
2 USP37 218485029 gene 2 129 0 0.0764062266730528 5.46454723882617
2 CNOT9 218568230 gene 2 129 0 0.0896146921433264 6.9847557849534
2 FARSB 222735102 gene 2 131 0 0.0492927592768648 4.54390566644571
2 AP1S3 223776146 gene 2 131 0 0.0638396784810332 6.94886100001167
2 COL4A4 227408050 gene 2 134 0 0.0700803706339674 10.0504559416319
2 SLC16A14 230179748 gene 2 135 0 0.038634783667698 8.58859684262182
2 GIGYF2 232485577 gene 2 136 0 0.0735607504621803 5.47814393657703
2 EIF4E2 232593121 gene 2 136 0 0.15556819678967 12.6116412020437
2 IQCA1 236099105 gene 2 139 0 0.0887907533437219 7.10423998648371
2 UBE2F 238128632 gene 2 141 0 0.0980897212618754 6.86185372343201
2 GPC1 240478720 gene 2 142 0 0.0480758526256434 5.41561024495807
2 COPS9 240107117 gene 2 142 0 0.0447566890961494 4.75304207241243
2 SNED1 241063027 gene 2 143 0 0.0757440986055827 5.28746281895034
2 HDLBP 241029616 gene 2 143 0 0.075843925503345 5.29981695523105
3 SUMF1 4361853 gene 3 3 0 0.0364740143192909 4.6296880958189
3 LMCD1 8268998 gene 3 6 0 0.0502183391944301 4.60049304005636
3 ATP2B2 10332409 gene 3 8 0 0.0419591904643653 5.05935561518306
3 TSEN2 12445597 gene 3 9 0 0.0940865009975921 12.6361657094999
3 MKRN2OS 12555008 gene 3 9 0 0.075652687812946 10.6997958614422
3 ATG7 11210409 gene 3 9 0 0.039140564097665 4.60481349018439
3 SYN2 11986872 gene 3 9 0 0.100479210571149 13.3928982123303
3 GRIP2 14606548 gene 3 10 0 0.0640261045383723 9.68799582962334
3 C3orf20 14660765 gene 3 10 0 0.304606117359414 24.8927009968823
3 METTL6 15462068 gene 3 11 0 0.102582247708062 7.19515551292321
3 EAF1 15292731 gene 3 11 0 0.0789562064922554 4.72409664162617
3 PLCL2 16789215 gene 3 12 0 0.0473315713131027 6.05438781212875
3 TBC1D5 17850925 gene 3 13 0 0.0613654620530119 5.02266746925688
3 EFHB 19975101 gene 3 14 0 0.0584604559177101 4.92272997035652
3 PDCD6IP 33815396 gene 3 25 0 0.0220502913851357 14.130198473764
3 UBP1 33220577 gene 3 25 0 0.00798302344597113 4.67832138114674
3 LRRFIP2 37283499 gene 3 27 0 0.0437835964958851 7.12228307748239
3 MYRIP 39817297 gene 3 28 0 0.0576437724859129 4.79852943310471
3 ANO10 43169447 gene 3 31 0 0.150307179181016 20.1133241990885
3 ZBTB47 42524861 gene 3 31 0 0.0356374474167022 7.83666938022447
3 SEC22C 42651634 gene 3 31 0 0.0247106574642132 4.67445854917381
3 LARS2 45380315 gene 3 32 0 0.120191989177828 9.746259950809
3 ZNF589 48205189 gene 3 34 0 0.298219667938961 21.3941630709319
3 PBRM1 52839968 gene 3 36 0 0.0424916227160341 13.5892816665483
3 SELENOK 54040075 gene 3 36 0 0.0388693904115854 6.18969470718419
3 PRICKLE2 64431635 gene 3 43 0 0.0332546342078653 5.36007409495276
3 TAFA1 68724641 gene 3 46 0 0.0874817790715325 6.06905189684678
3 CNTN3 74300137 gene 3 50 0 0.192436848311218 10.1781250683933
3 ROBO2 75872734 gene 3 51 0 0.0612788629071127 4.63535712749609
3 DHFR2 93935148 gene 3 59 0 0.0746737351825088 7.83726783774607
3 ARL6 97698095 gene 3 61 0 0.194892082697848 18.8493288573589
3 DCBLD2 98969178 gene 3 62 0 0.104738448347156 5.0245852185383
3 NIT2 100407477 gene 3 63 0 0.183507809445605 13.844789377926
3 IMPG2 101180679 gene 3 64 0 0.0695394971925061 6.6407478670975
3 PHLDB2 111728212 gene 3 69 0 0.066065392166954 6.43986910310488
3 TMPRSS7 112009717 gene 3 69 0 0.0642780724769259 6.18382138134522
3 TAGLN3 111966926 gene 3 69 0 0.0540676713476752 4.57317814071893
3 ZDHHC23 114062889 gene 3 70 0 0.139561333794829 8.69501225377288
3 POGLUT1 119285891 gene 3 74 0 0.122309163617398 14.9285126138952
3 IQCB1 121824051 gene 3 75 0 0.133494250857882 8.49822898220065
3 HSPBAP1 122628542 gene 3 76 0 0.258079993984191 16.3050135589026
3 ADCY5 123122325 gene 3 76 0 0.228496765420909 15.0647954031144
3 ZXDC 126461278 gene 3 78 0 0.186507733979175 13.8293176732791
3 CFAP100 126492122 gene 3 78 0 0.167852199890253 12.7926038781777
3 TXNRD3 126506304 gene 3 79 0 0.0771684768558463 11.276844542789
3 CNBP 129401900 gene 3 80 0 0.0611236461629758 4.88749528202709
3 NPHP3 132711960 gene 3 82 0 0.0832343012640815 7.37116732204039
3 RAB6B 133998257 gene 3 83 0 0.119026291041222 12.5919537706065
3 RBP1 139538761 gene 3 85 0 0.0749383603028129 7.41131691934684
3 FAIM 138606378 gene 3 85 0 0.0678649788003803 6.48322748427207
3 CLSTN2 140441556 gene 3 86 0 0.116233918547085 7.87235711732169
3 XRN1 142281159 gene 3 87 0 0.11273791685232 13.4668957271268
3 GRK7 141846789 gene 3 87 0 0.0412530822326501 4.70477695331821
3 ATP1B3 141862361 gene 3 87 0 0.0946958353318769 12.2056970425547
3 PLS1 142404434 gene 3 87 0 0.0407658363813642 4.58606342966913
3 PCOLCE2 142912141 gene 3 87 0 0.0500754306949311 6.64560111329203
3 CP 149152391 gene 3 91 0 0.0620891539815334 8.885223535752
3 HLTF 149018427 gene 3 91 0 0.0391678345296186 4.5433319458297
3 GPR87 151560777 gene 3 93 0 0.196200752425948 13.4301624912801
3 PLCH1 155559672 gene 3 96 0 0.091175530228792 4.65197981668444
3 LEKR1 156718470 gene 3 97 0 0.0730853858860612 5.49007937234281
3 IQCJ-SCHIP1 158964844 gene 3 98 0 0.0826090071111866 7.11613043616532
3 GFM1 158644799 gene 3 98 0 0.0859562478826778 7.49006113690887
3 LXN 158797151 gene 3 98 0 0.103827476560622 9.27664175713409
3 TNIK 171489728 gene 3 105 0 0.196860646188302 13.0704869907091
3 PLD1 171788584 gene 3 105 0 0.0994429215680597 6.46311432406724
3 GHSR 172594144 gene 3 106 0 0.0781689429583808 5.91110417023042
3 NAALADL2 174188693 gene 3 107 0 0.0527100079749079 5.03749769661741
3 MFN1 179318751 gene 3 110 0 0.0961839616983939 4.60236136350146
3 NDUFB5 179520555 gene 3 110 0 0.102630411348096 5.21724310362121
3 ZMAT3 178963453 gene 3 110 0 0.206746888106343 12.0135648974232
3 USP13 179661814 gene 3 111 0 0.0263827671808977 4.59177291196832
3 YEATS2 183688382 gene 3 112 0 0.0497691596937888 5.79469286761334
3 ECE2 184503944 gene 3 113 0 0.0659138421155011 4.54552512950516
3 CAMK2N2 184288909 gene 3 113 0 0.171714068404477 13.5554190949599
3 EEF1AKMT4 184233643 gene 3 113 0 0.0906577065745221 7.47794974940905
3 ST6GAL1 186929974 gene 3 114 0 0.132738558564847 13.6768259718537
3 TMEM44 194633780 gene 3 119 0 0.162525496427529 9.92214775399976
3 MUC20 195929860 gene 3 120 0 0.165546719393867 11.2892915672264
3 PIGZ 196820575 gene 3 121 0 0.275524133295939 24.2477202219614
3 SENP5 197038601 gene 3 121 0 0.0369773941558225 6.20655457536874
3 RNF168 196501641 gene 3 121 0 0.0413670632791431 6.38344731402876
4 ZNF718 109711 gene 4 1 0 0.129228041647073 12.7687364408232
4 RNF212 1064488 gene 4 2 0 0.0885207148125421 10.5863923587503
4 UVSSA 1269733 gene 4 2 0 0.0661156278555566 7.14198651063702
4 FAM53A 1541683 gene 4 3 0 0.151108931318135 10.2650597164721
4 GRK4 3015442 gene 4 4 0 0.147162384742668 14.380721052528
4 ZBTB49 4300240 gene 4 5 0 0.0880015338516117 5.413092636494
4 MAN2B2 6461937 gene 4 7 0 0.0445523245869837 5.59617291274799
4 PPP2R2C 6201022 gene 4 7 0 0.0408501027242869 4.79400337656589
4 EVC 5685554 gene 4 7 0 0.148382944539726 16.937037302316
4 TBC1D14 6944365 gene 4 8 0 0.20243804693671 15.3696973964489
4 SORCS2 7712125 gene 4 9 0 0.210136681773368 14.520759891333
4 SH3TC1 8076430 gene 4 9 0 0.195363874137356 13.7941834391906
4 SLC2A9 10012237 gene 4 11 0 0.0778933211330661 4.58772050812611
4 C1QTNF7 15564135 gene 4 15 0 0.0733519797247938 4.60715384404843
4 FAM184B 17616426 gene 4 17 0 0.0844673610830932 8.26573006960203
4 LCORL 17817262 gene 4 17 0 0.0808069769861066 7.8488359180569
4 QDPR 17525490 gene 4 17 0 0.182363877136989 15.6574941440133
4 KCNIP4 21146180 gene 4 19 0 0.105435402574328 12.1901117736327
4 PI4K2B 25372477 gene 4 21 0 0.0608052411185528 6.61630372641594
4 SMIM20 25916894 gene 4 22 0 0.045865123500232 4.55571734896273
4 PCDH7 31126627 gene 4 26 1 0.085161908851796 19.1408507019734
4 UGDH 39536895 gene 4 32 0 0.156454329959001 9.73549946912295
4 ATP8A1 42645785 gene 4 34 0 0.0564831418653803 4.7434352656928
4 GABRA4 46721959 gene 4 36 0 0.066430182851708 9.4033025682636
4 ATP10D 47477382 gene 4 37 0 0.0656020705052728 5.0362590501183
4 SGCB 51952498 gene 4 38 0 0.0758921097384406 6.38775678941115
4 TMPRSS11A 67668674 gene 4 47 0 0.13718353753368 10.131865828707
4 UBA6 67714206 gene 4 47 0 0.128678657809073 9.51572952626631
4 TMPRSS11D 67711545 gene 4 47 0 0.140554899749032 10.3662581153331
4 YTHDC1 68488632 gene 4 48 0 0.0519990446916036 5.52488897790689
4 NAAA 75932570 gene 4 51 0 0.0516476540789964 6.36362642908777
4 CCNI 76853389 gene 4 52 0 0.156613769012766 16.1873937804342
4 PAQR3 79161883 gene 4 53 0 0.0380539505972651 5.70168281163964
4 ANTXR2 79974268 gene 4 53 0 0.104817191918559 15.9604546433603
4 GPAT3 83683726 gene 4 56 0 0.0861108218359215 4.74685940726863
4 ARHGAP24 85545139 gene 4 57 0 0.0809895529088501 8.60418403597043
4 PKD2 87984643 gene 4 59 0 0.107928067194779 10.4181379402916
4 PPM1K 88033095 gene 4 59 0 0.0581079135773089 4.59853613803666
4 FAM13A 89072308 gene 4 60 0 0.114993349938895 7.30610716832301
4 SMARCAD1 94359612 gene 4 63 0 0.144905940989543 14.8256657591509
4 NPNT 106147717 gene 4 69 0 0.0479748070177927 4.58036329659629
4 CASP6 109449777 gene 4 71 0 0.0364119887624182 4.91580960506069
4 USP53 119185265 gene 4 77 0 0.0665152234153709 4.83977494161166
4 BBS7 121673820 gene 4 78 0 0.0476773705879932 6.82233121707474
4 PDE5A 119770063 gene 4 78 0 0.0647322019141457 9.6943089297598
4 SETD7 139773610 gene 4 92 0 0.0588844031375218 6.66267183491911
4 MMAA 145560519 gene 4 95 0 0.148354059445241 14.4992120470652
4 LSM6 146211456 gene 4 95 0 0.0530143547871864 4.77221620276608
4 FHDC1 153039149 gene 4 98 0 0.0925646875542798 9.2195783669375
4 FBXW7 152349812 gene 4 98 0 0.0641300952990408 5.74572235813244
4 TRIM2 153169959 gene 4 98 0 0.0695876578267374 6.57272211252186
4 MND1 153623115 gene 4 99 0 0.0797488385828984 7.52701227729154
4 ETFDH 158579209 gene 4 102 0 0.0544812967392934 5.13652344438256
4 CPE 165202866 gene 4 107 0 0.119005122913453 11.6382427524776
4 MSMO1 165409166 gene 4 107 0 0.113942827661651 15.3423769840521
4 SPOCK3 166809138 gene 4 108 0 0.112575915012766 7.69315780583639
4 PALLD 168486796 gene 4 109 0 0.0456922576236506 9.79040453419462
4 CBR4 168836680 gene 4 110 0 0.0725930462068285 6.02218903297074
4 NEK1 169448750 gene 4 110 0 0.0655752321377699 6.84425524033553
4 CLCN3 169641633 gene 4 110 0 0.126346195327857 21.5783196378607
4 GALNTL6 173154314 gene 4 112 0 0.109903978360497 6.1692713138657
4 ING2 183577978 gene 4 118 0 0.0586335352773277 8.2484657526258
4 DCTD 183067296 gene 4 118 0 0.0471754174242716 6.26037849586903
4 SNX25 185066340 gene 4 119 0 0.0673321586648303 10.274982040998
4 SLC25A4 185051173 gene 4 119 0 0.127945730090549 16.3469913048225
4 CYP4V2 186191672 gene 4 120 0 0.0542660035272082 4.73346269730233
4 KLKB1 186199599 gene 4 120 0 0.0734140271327238 7.53013103508968
5 CLPTM1L 1287175 gene 5 2 0 0.145236530243178 10.6624319067594
5 IRX4 1765216 gene 5 2 0 0.097968741290799 6.8946902703118
5 ICE1 5183587 gene 5 5 0 0.0664061838459701 4.85233365333292
5 TENT4A 6705693 gene 5 6 0 0.169721094146994 15.1575045019747
5 MED10 6352911 gene 5 6 0 0.0700188552878474 6.71185493917978
5 NSUN2 6600942 gene 5 6 0 0.316531652995044 21.4831456339911
5 FASTKD3 7991234 gene 5 7 0 0.051709757620499 4.54633679732736
5 BASP1 17254987 gene 5 13 0 0.115108843341629 8.75054679084281
5 DROSHA 31397853 gene 5 22 0 0.0655651085081934 8.33463630570559
5 SUB1 32473703 gene 5 22 0 0.0884852418007631 11.1472839433401
5 PDZD2 31907418 gene 5 22 0 0.0537668298524605 6.48709565954363
5 PAIP1 43665962 gene 5 28 0 0.111876325576308 9.36443802870107
5 NNT 43616600 gene 5 28 0 0.13823504683042 11.3932066466126
5 ELOVL7 60820786 gene 5 36 0 0.118516229309004 20.0112082215398
5 CENPK 65555838 gene 5 40 0 0.151460163989539 13.7364119280049
5 CCDC125 69166611 gene 5 42 0 0.100003789707902 5.21746183950101
5 MCCC2 71422076 gene 5 42 0 0.101530939297231 5.36120286731076
5 TNPO1 72698637 gene 5 43 0 0.0470067819989816 5.22597492423684
5 ANKRA2 73526641 gene 5 43 0 0.0445149853146692 4.72170691957477
5 ANKDD1B 75633822 gene 5 44 0 0.0949379085169037 9.52953169886625
5 GFM2 74562309 gene 5 44 0 0.058131133330353 4.60336425336004
5 MSH3 80599619 gene 5 47 0 0.0905518018602355 4.64041098554554
5 ATG10 82173263 gene 5 48 0 0.156565144785894 9.60499209513516
5 KIAA0825 94732000 gene 5 56 0 0.150483026416542 12.5032866224447
5 FAM81B 95466243 gene 5 56 0 0.0892296522826925 7.50842200110137
5 RIOK2 97149213 gene 5 57 0 0.06321386579935 4.55565813999428
5 ST8SIA4 100829830 gene 5 59 0 0.0663200204285349 6.59627689740851
5 SLCO6A1 102668536 gene 5 60 0 0.102774874908784 13.7625988090373
5 NUDT12 103535577 gene 5 60 0 0.0678060775416468 6.47305386862442
5 FER 108726088 gene 5 64 0 0.127013002419641 12.087924096145
5 TMEM232 110716798 gene 5 65 0 0.0410285042577659 4.54294457902345
5 MCC 113343676 gene 5 67 0 0.332316502874309 21.662287271519
5 YTHDC2 113607537 gene 5 67 0 0.120191769561039 11.474739178453
5 COMMD10 116300091 gene 5 69 0 0.187819865631305 14.1009928475122
5 CTXN3 127850371 gene 5 77 0 0.183334764903387 16.7899652436825
5 MEIKIN 131652336 gene 5 79 0 0.0717221883365503 4.87239119164246
5 RAPGEF6 131351444 gene 5 79 0 0.118004009613946 8.99541476821094
5 TXNDC15 134887903 gene 5 80 0 0.0538640461067201 5.79739205433168
5 CXXC5 139765209 gene 5 82 0 0.0181313897481864 6.44295564827369
5 PCDHAC1 141147948 gene 5 83 0 0.0435313044672054 4.89923833626245
5 PCDHB2 141084976 gene 5 83 0 0.0434278834197724 4.71135411693111
5 PCDHA7 140840654 gene 5 83 0 0.043497950077248 6.35111026057618
5 CYSTM1 140175281 gene 5 83 0 0.0499235394522117 6.19755123183377
5 ZMAT2 140650195 gene 5 83 0 0.204712933797597 22.5072231091515
5 SRA1 140582582 gene 5 83 0 0.0797249931415435 15.7391743991101
5 PCDHB10 141207419 gene 5 83 0 0.049027927187743 7.08650141102727
5 WDR55 140594111 gene 5 83 0 0.0673662607033416 14.127252535764
5 DELE1 141930259 gene 5 84 0 0.0467518705974778 6.24338521360985
5 PPP2R2B 147260760 gene 5 86 0 0.0758457508881596 10.3515907698291
5 PPARGC1B 149572927 gene 5 88 0 0.121379652135124 11.725098331214
5 SLC36A1 151218345 gene 5 89 0 0.00951348737944413 4.759761626971
5 PWWP2A 160056768 gene 5 94 0 0.36938992975835 19.1703262428222
5 GABRA1 162084848 gene 5 96 0 0.0401343335555071 4.90994247942842
5 CCNG1 163251678 gene 5 96 0 0.191709632629227 18.8299636461787
5 TENM2 167885191 gene 5 100 0 0.0603065232974678 4.73364804081074
5 ERGIC1 172827981 gene 5 103 0 0.130557687402764 13.6965661671326
5 BOD1 173633079 gene 5 104 0 0.0887605233734734 6.01178412274232
5 CPEB4 173704454 gene 5 104 0 0.0899003389514541 6.13219428010164
5 DBN1 177418963 gene 5 106 0 0.0704610138031125 4.9947279376686
5 RGS14 177371305 gene 5 106 0 0.0763560639741492 5.74753351342787
5 ZFP2 178854575 gene 5 107 0 0.0876469115422592 4.63172237668732
5 LTC4S 180025549 gene 5 109 0 0.0822240459340021 4.7690051977329
5 RACK1 181068340 gene 5 109 0 0.0897571034847858 5.59487844960102
5 CNOT6 180700286 gene 5 109 0 0.0928869940426039 5.91857857018416
6 EXOC2 693473 gene 6 1 0 0.420774179045854 23.1412171096288
6 SERPINB9 2902159 gene 6 3 0 0.0827950581846554 4.71931297551859
6 SERPINB6 2963136 gene 6 3 0 0.0983703782800618 6.34653482269044
6 PXDC1 3802003 gene 6 4 0 0.223625680193799 16.9261569754591
6 ECI2 4119282 gene 6 4 0 0.317244254705049 20.5351988129838
6 FARS2 5253593 gene 6 5 0 0.155564809119436 12.3265099882793
6 NRN1 5896560 gene 6 6 0 0.0931203637689014 4.6178225750338
6 ELOVL2 11039769 gene 6 10 0 0.0890382269754785 6.49002210914091
6 TMEM14B 10837927 gene 6 10 0 0.153888313590164 11.7228264775258
6 SYCP2L 10827226 gene 6 10 0 0.0795820096882343 5.43302847384629
6 HIVEP1 11958750 gene 6 11 0 0.103527040133436 9.75583745999323
6 KDM1B 18205820 gene 6 14 0 0.0789584777138629 11.9751545871619
6 TPMT 18205820 gene 6 14 0 0.0789584777138629 11.9751545871619
6 CDKAL1 20609010 gene 6 15 0 0.0615289365472153 12.8531360075565
6 C6orf62 24456196 gene 6 18 0 0.161026303886494 13.521229772508
6 KIAA0319 24646593 gene 6 18 0 0.790647013537818 18.7829234254487
6 CARMIL1 25505537 gene 6 19 0 0.103184143706359 10.1190657224412
6 ZNF322 26543879 gene 6 20 0 0.0636123727377308 9.41422749411345
6 HLA-F 29703339 gene 6 23 0 0.0656110709927068 9.3832763712953
6 RPP21 30587741 gene 6 24 0 0.0200216480510558 9.98830489811466
6 TRIM26 30199158 gene 6 24 0 0.0512911016413203 20.0176832218771
6 HLA-A 29949896 gene 6 24 0 0.0192196659560234 19.091688170427
6 FLOT1 30479897 gene 6 24 0 0.0699917351718331 133.972662764582
6 HLA-E 30719037 gene 6 24 0 0.019088064654301 29.9840460421391
6 HLA-B 31241511 gene 6 25 0 0.0260524903507254 15.9286880245627
6 HLA-C 31275612 gene 6 25 0 0.0232816848717125 16.2028688362955
6 RNF5 32187221 gene 6 26 0 0.00662127363314802 56.7876322279168
6 DDAH2 31633736 gene 6 26 0 0.000202662610850335 28.9027437853168
6 LY6G5C 31661319 gene 6 26 0 0.00011392813297284 12.1440751714119
6 HLA-DRB1 32446112 gene 6 26 0 0.000111516465948092 16.1544352503794
6 BRD2 33056254 gene 6 27 0 0.0808961701662855 40.0413529482446
6 HLA-DMA 32839713 gene 6 27 0 0.0905031425819646 61.1319125486513
6 TAP2 32802356 gene 6 27 0 0.0924528356599337 12.5691196126617
6 SLC39A7 32957813 gene 6 27 0 0.0456237654629078 6.56099852536146
6 RPS10 34439278 gene 6 28 0 0.19043846809076 28.7049086275038
6 PPARD 35131371 gene 6 28 0 0.0209557155283995 9.24509093437464
6 ANKS1A 34865903 gene 6 28 0 0.0131102830958986 4.923393430697
6 RPS18 33512658 gene 6 28 0 0.269335647281713 26.1547048447144
6 SRPK1 35803240 gene 6 29 0 0.0510594644152091 6.30841038781406
6 PIM1 36998194 gene 6 29 0 0.0798292569245491 10.5779090445131
6 KIF6 39617080 gene 6 31 0 0.279931584533454 16.131207551206
6 CUL7 43249501 gene 6 33 0 0.0435179241825534 13.9680699284703
6 ABCC10 43249501 gene 6 33 0 0.0435179241825534 13.9680699284703
6 PRPH2 42704669 gene 6 33 0 0.121479418653186 14.8540472802144
6 POLH 43523071 gene 6 33 0 0.130712716025088 14.6463701349593
6 GUCA1B 42185871 gene 6 33 0 0.118984565779498 14.357012592094
6 SUPT3H 45061861 gene 6 34 0 0.0655811939382793 4.61825458091462
6 TMEM63B 44218653 gene 6 34 0 0.0791812341781872 6.38296167762091
6 PTCHD4 48287294 gene 6 36 0 0.160190783814341 9.09741964059709
6 LRRC1 53698745 gene 6 40 0 0.0580221804584912 8.68449216428444
6 KHDRBS2 62369467 gene 6 44 0 0.095796601588437 4.66667920716532
6 FILIP1 75454779 gene 6 52 0 0.105770202272739 5.20968083158153
6 IRAK1BP1 78786333 gene 6 54 0 0.0582347452105985 4.73240546882508
6 IBTK 82267868 gene 6 56 0 0.195184271421678 14.25208533584
6 FBXL4 98871364 gene 6 67 0 0.194687857309437 19.0891216082812
6 MTRES1 107057395 gene 6 71 0 0.11177367094248 9.13350042020699
6 SOBP 107704766 gene 6 72 0 0.0591023370049301 5.73060432486336
6 SESN1 109318009 gene 6 73 0 0.0287088270995278 6.08842795558705
6 PPIL6 109432968 gene 6 73 0 0.114205658825571 17.9075781659346
6 FYN 111720156 gene 6 74 0 0.0721229745723296 9.02422010935421
6 NT5DC1 116101684 gene 6 77 0 0.169625137329909 11.0944721608933
6 CEP85L 118699032 gene 6 79 0 0.0995922762209646 8.30522504516394
6 CLVS2 123006555 gene 6 82 0 0.0590600061861926 4.55075311479924
6 RNF217 125315943 gene 6 84 0 0.103213192418138 4.7681316221001
6 C6orf58 127561895 gene 6 85 0 0.0586583001609496 7.79517760917205
6 L3MBTL3 130068795 gene 6 86 0 0.0670918715961225 5.51092122131362
6 MOXD1 132491134 gene 6 88 0 0.152806302566276 10.5940963839078
6 HBS1L 135080233 gene 6 89 0 0.0709473911943436 4.55568872142265
6 ALDH8A1 135070962 gene 6 89 0 0.13295779115132 10.5079798282976
6 VTA1 142318476 gene 6 94 0 0.02060333829554 4.58610925586343
6 SAMD5 147727880 gene 6 96 0 0.0329767724339128 4.68606682285674
6 SUMO4 149226909 gene 6 97 0 0.113997894946251 5.23230285416951
6 ZBTB2 151263854 gene 6 98 0 0.0882874483135875 10.9020586607203
6 PLEKHG1 150450738 gene 6 98 0 0.0532569196919947 6.17444449657898
6 SYNE1 152474455 gene 6 99 0 0.251924149463445 15.2470299077758
6 IPCEF1 154316310 gene 6 100 0 0.17635525886395 18.0559577270818
6 TMEM181 158548145 gene 6 103 0 0.0431509448369178 5.5837791747622
6 EZR 158840723 gene 6 103 0 0.0758574496067818 10.8343933561757
6 IGF2R 160059911 gene 6 103 0 0.0651397119544742 9.40913771959939
6 PRKN 161556365 gene 6 104 0 0.0920646786035132 8.50379185248865
6 LPA 160675451 gene 6 104 0 0.0830224085580161 7.52913281582549
6 PACRG 162525665 gene 6 106 0 0.0461014461753531 5.11864309114342
6 MPC1 166564495 gene 6 108 0 0.0515622059149501 4.54295444243096
6 SFT2D1 166337928 gene 6 108 0 0.0557613465484158 5.27024860468641
6 DLL1 170258258 gene 6 112 0 0.074073996376716 6.68893142828053
6 PSMB1 170492390 gene 6 112 0 0.116391375019249 10.9619101613012
7 DNAAF5 936041 gene 7 2 0 0.0642146346102813 4.54512319684993
7 TMEM184A 1514152 gene 7 3 0 0.0444183630134571 4.62497878026871
7 SNX8 2372397 gene 7 4 0 0.0838417842577815 18.6995995889094
7 RBAK 4974587 gene 7 6 0 0.0623457400018314 4.55748589032467
7 FBXL18 5380650 gene 7 7 0 0.0747933111878192 7.89654623422631
7 CYTH3 6478767 gene 7 8 0 0.141884740133352 13.0915005301822
7 C1GALT1 7185820 gene 7 9 0 0.117530244890571 10.4546271626924
7 COL28A1 7574853 gene 7 9 0 0.108496103125963 9.73785527318403
7 AGMO 15519040 gene 7 16 0 0.0669908090142451 7.3940231741569
7 MEOX2 15720771 gene 7 16 0 0.0574906647138173 5.96817548027651
7 SNX13 17969474 gene 7 17 0 0.123508816397749 15.0273345491125
7 TOMM7 22777673 gene 7 20 0 0.0809131682028646 5.83264848063812
7 KLHL7 23136327 gene 7 20 0 0.0706396370382993 4.55915237291692
7 GSDME 24540740 gene 7 21 0 0.0340294179568976 6.61689645150005
7 TRA2A 23509253 gene 7 21 0 0.0679559546743461 14.3910572243597
7 STK31 23708325 gene 7 21 0 0.0277234588838018 7.41295143651897
7 HIBADH 27676726 gene 7 23 0 0.0501450043831498 5.10241536530792
7 INMT 30733259 gene 7 24 0 0.0276258633600021 4.8230394576852
7 PLEKHA8 29952379 gene 7 24 0 0.109079399692852 17.6141695723672
7 CPVL 28903122 gene 7 24 0 0.0318503839961268 6.13165078473238
7 STARD3NL 38148855 gene 7 28 0 0.0574886090875032 4.56683047543981
7 ELMO1 37564185 gene 7 28 0 0.0640617845934953 5.57558582378642
7 MRPL32 42904862 gene 7 31 0 0.160311318145086 12.4586066934885
7 COA1 43506302 gene 7 32 0 0.0916206396703317 7.91297248204208
7 ABCA13 48234618 gene 7 35 0 0.0547767560169623 7.66050036269429
7 PKD1L1 48046205 gene 7 35 0 0.270433111158334 23.0716506603571
7 CHCHD2 55887212 gene 7 40 0 0.0824544843543896 6.23415449330061
7 ERV3-1 65246412 gene 7 43 0 0.0689245479179559 4.5796638110165
7 ZNF107 64737071 gene 7 43 0 0.0686735772879498 4.54554957658554
7 ZNF117 64976602 gene 7 43 0 0.0745178370456207 5.31017226828916
7 ZNF273 64863974 gene 7 43 0 0.0730434171306325 5.12289567754173
7 GALNT17 71716531 gene 7 46 0 0.0237533655414376 10.1006018990142
7 STX1A 73640245 gene 7 47 0 0.215927915031775 17.8679864641521
7 GTF2IRD2 74878823 gene 7 48 0 0.211250243772684 17.4490923440626
7 RFC2 74097842 gene 7 48 0 0.118744276666384 11.8270346413392
7 PTPN12 77680803 gene 7 49 0 0.0791014323492865 8.94588387816556
7 CCDC146 77110145 gene 7 49 0 0.0493406184684969 4.54354881016033
7 GNAT3 80520702 gene 7 51 0 0.119695211454838 12.7799384995997
7 SEMA3D 85244831 gene 7 53 0 0.0836946017834818 5.08271173410182
7 SLC25A40 87658078 gene 7 54 0 0.0387669747956194 18.0817391408609
7 GRM3 86481377 gene 7 54 0 0.0376020240763357 11.8912353702922
7 STEAP2 90197414 gene 7 55 0 0.0460168528097272 9.01068955577035
7 FZD1 91062276 gene 7 56 0 0.142760163570956 10.3675249489792
7 PILRA 100297686 gene 7 61 0 0.105534242708675 5.66704058914878
7 TRIM4 99900334 gene 7 61 0 0.0949348085843049 4.66343971158277
7 STAG3 100161582 gene 7 61 0 0.223936811853644 12.9991200057223
7 ZKSCAN1 99842206 gene 7 61 0 0.15860927682992 9.58441044291941
7 AP4M1 100188127 gene 7 61 0 0.109044993516919 5.978339970878
7 PILRB 100390182 gene 7 61 0 0.13351075509251 7.91607049535694
7 UFSP1 100948709 gene 7 62 0 0.03534554995119 4.77453332871906
7 COL26A1 101557767 gene 7 63 0 0.100434617138673 8.58432879508868
7 ORAI2 102432242 gene 7 63 0 0.278301438444883 18.6098176356201
7 FAM185A 102769649 gene 7 63 0 0.0653561457248336 4.54401146686051
7 COG5 107792590 gene 7 66 0 0.154153372331706 12.8843592132272
7 TES 116210408 gene 7 70 0 0.0590059188966293 9.87129193267011
7 ANKRD7 118526668 gene 7 71 0 0.093188336172994 6.32920314366617
7 CADPS2 123131653 gene 7 74 0 0.0547256155654305 6.70311649857116
7 CALU 128688299 gene 7 78 0 0.04957400256439 11.8767034065548
7 ATP6V1F 128863888 gene 7 78 0 0.0237097199531626 5.31442135464894
7 SND1 128306120 gene 7 78 0 0.0221143857336799 4.68750957669504
7 NRF1 129814170 gene 7 79 0 0.0795462086386373 4.8681564560387
7 SLC35B4 134346320 gene 7 81 0 0.0872019996849468 7.67265303522528
7 LRGUK 134058640 gene 7 81 0 0.405608150012881 23.6266708376745
7 CYREN 135189173 gene 7 82 0 0.255457280049692 18.8341572622666
7 TMEM140 134957682 gene 7 82 0 0.153943471214037 13.7894292256838
7 TBXAS1 140148644 gene 7 85 0 0.0561417650210185 5.61200020777635
7 AGK 141344142 gene 7 87 0 0.230814214417794 20.4203598695217
7 DENND2A 140643528 gene 7 87 0 0.0507144449819731 5.61786677330348
7 CNTNAP2 147477152 gene 7 91 0 0.0542863067031432 4.70198834199622
7 ATP6V0E2 149868400 gene 7 92 0 0.0492799614707199 5.46351923975507
7 ZNF862 149811116 gene 7 92 0 0.0617474825686815 7.56012036507314
7 FASTK 151262348 gene 7 94 0 0.101770992885073 7.44652197516288
7 WDR86 151411325 gene 7 94 0 0.110450817008134 8.22466405139233
7 ACTR3B 153012852 gene 7 95 0 0.0690716262170192 7.4596278335451
8 ERICH1 656117 gene 8 1 0 0.0906088070837813 8.14249525593796
8 TDRP 480705 gene 8 1 0 0.0706723100673941 5.69508572763888
8 DLGAP2 1190574 gene 8 2 0 0.058307194255732 4.56651917659571
8 MCPH1 6262288 gene 8 9 0 0.043044465003521 7.69444793686407
8 AGPAT5 6552858 gene 8 10 0 0.105488073145771 7.80681127865905
8 MFHAS1 8887418 gene 8 11 0 0.0618922528246758 4.83653858542614
8 FAM167A 11650021 gene 8 15 0 0.0299788477131544 7.16537849331498
8 MTMR7 17341739 gene 8 18 0 0.0488793095687492 9.05708315247809
8 PCM1 17867184 gene 8 19 0 0.0967724432582589 5.98272180851099
8 PSD3 19059313 gene 8 20 0 0.0602976434675491 12.0835499736081
8 ASAH1 18085674 gene 8 20 0 0.0283778169129554 5.19105410337767
8 LZTS1 20283241 gene 8 22 0 0.313427553890673 25.4322101868079
8 BIN3 22560170 gene 8 23 0 0.186929106041651 11.7135083618901
8 LOXL2 23381932 gene 8 24 0 0.106781320430968 13.3878875999787
8 KCTD9 25385205 gene 8 25 0 0.0792598039004959 5.1802763261463
8 ELP3 27968822 gene 8 27 0 0.0607249302414075 9.05396724264137
8 PLEKHA2 39165003 gene 8 35 0 0.110948389398736 13.8610354321133
8 C8orf34 68226219 gene 8 50 0 0.125363619292682 18.7973671532891
8 PREX2 67867562 gene 8 50 0 0.0330139046646639 6.31603350569177
8 XKR9 70936629 gene 8 52 0 0.12039177950272 6.72163850622736
8 GDAP1 74466031 gene 8 54 0 0.0674135613654831 4.62749335517851
8 PI15 74941491 gene 8 55 0 0.090152561714606 5.52629394097639
8 ZNF704 80598361 gene 8 57 0 0.0389302648168898 4.84396936937666
8 ZC2HC1A 78643239 gene 8 57 0 0.0382007849140944 4.66936581080401
8 SNX16 81797902 gene 8 59 0 0.158663721785781 11.3098768530428
8 UBR5 102206645 gene 8 69 0 0.046156161223881 6.92289359821655
8 DPYS 104684620 gene 8 71 0 0.0328126154643353 4.68492955818909
8 TRHR 109048481 gene 8 74 0 0.160563364144803 13.3545303846126
8 DEPTOR 119904600 gene 8 79 0 0.0701385255301208 5.60781002505285
8 COL14A1 120202683 gene 8 80 0 0.0509628715056097 9.87038232237895
8 FER1L6 124359089 gene 8 81 0 0.125008807760864 8.92817311680592
8 KCNQ3 132393871 gene 8 87 0 0.186445683210187 14.1114520171488
8 SLC45A4 141283698 gene 8 92 0 0.0546258157033635 6.61308851298894
8 GLI4 143292102 gene 8 94 0 0.036851321037106 4.69322213173562
8 MROH1 144417502 gene 8 94 0 0.268429920450342 21.4243112155341
8 VPS28 144413722 gene 8 94 0 0.129691995581637 14.8211366653467
8 ZNF34 144747565 gene 8 94 0 0.0663945424894366 9.14604570992902
8 NAPRT 143594692 gene 8 94 0 0.0407766100717496 6.0821696750309
9 SPATA6L 4662065 gene 9 5 0 0.0698166080718263 4.70590335157504
9 AK3 4732219 gene 9 5 0 0.076039981637829 5.50574403963757
9 UHRF2 6566669 gene 9 7 0 0.113806824730409 11.3672076345625
9 KDM4C 7168193 gene 9 8 0 0.588824400027689 20.1718412788466
9 FREM1 14493253 gene 9 12 0 0.144426646088122 27.6018838747136
9 ZDHHC21 14650686 gene 9 12 0 0.257567290552682 28.1308443220864
9 CCDC171 15482978 gene 9 13 0 0.309950815241114 22.2042055701224
9 SAXO1 19037491 gene 9 15 0 0.0462169748701251 5.52958726748269
9 CAAP1 26870523 gene 9 20 0 0.0678113768874258 13.9173089783667
9 ANKRD18B 33489838 gene 9 25 0 0.0345327049954199 4.5935492665683
9 DNAJA1 33098950 gene 9 25 0 0.102387522501871 12.2832027707519
9 TOPORS 32488561 gene 9 25 0 0.0569435028670366 8.7526800871062
9 B4GALT1 32932420 gene 9 25 0 0.084514503859607 14.4551491402472
9 C9orf24 34344160 gene 9 26 0 0.0966504798288483 8.39026319358833
9 GALT 34649445 gene 9 27 0 0.0599949127095555 7.69997979905925
9 TRMT10B 37621594 gene 9 28 0 0.0523360259567729 6.61370091256651
9 GRHPR 37436108 gene 9 28 0 0.0555987825005305 7.4849509651672
9 PIP5K1B 68711278 gene 9 30 0 0.152969696360759 12.4878131493982
9 TRPM3 71306820 gene 9 32 0 0.072460023017238 7.12516207719713
9 ALDH1A1 72794555 gene 9 33 0 0.0853124658186706 5.99159355062163
9 PCSK5 76234322 gene 9 35 0 0.0387717510377524 7.70885225178141
9 NMRK1 75069774 gene 9 35 0 0.0275911927432372 4.76359765625288
9 C9orf64 84080447 gene 9 41 0 0.153363177480334 12.2501145417546
9 C9orf153 86019747 gene 9 44 0 0.0887458356415265 5.89224542091224
9 SYK 90804999 gene 9 46 0 0.0787876626565321 6.59889485892224
9 DIRAS2 90700775 gene 9 46 0 0.0632621019595557 4.5449895110481
9 CENPP 92204204 gene 9 47 0 0.0300962299887505 7.9885238165453
9 FANCC 95424044 gene 9 48 0 0.0557260262994471 5.90716674902205
9 CCDC180 97160137 gene 9 49 0 0.0373183229744078 6.00860146298746
9 XPA 97620148 gene 9 49 0 0.0354422447065809 5.57882483353151
9 TRMO 97914884 gene 9 49 0 0.0440584998959238 7.41530351507733
9 ZNF782 96615197 gene 9 49 0 0.0366325901147028 5.73502941839213
9 TBC1D2 98242745 gene 9 49 0 0.036474782782717 6.72952577127493
9 NR4A3 99572582 gene 9 50 0 0.28228412971882 24.5884007765002
9 ABCA1 105055440 gene 9 53 0 0.0775777053990855 9.47937737131894
9 RAD23B 107471956 gene 9 54 0 0.335484130139587 18.5435476491149
9 ABITRAM 109199506 gene 9 55 0 0.0388208945830127 6.05484831021943
9 SHOC1 111825888 gene 9 56 0 0.0877432655450866 9.96028493624153
9 SUSD1 112174892 gene 9 57 0 0.10602191420225 9.1382141358069
9 HDHD3 113378480 gene 9 58 0 0.0814415853798711 4.61542682356734
9 TMEM268 114655249 gene 9 59 0 0.0755360145671448 8.30769466241718
9 TTLL11 122011328 gene 9 62 0 0.0715596411930152 11.9531306931812
9 MRRF 122504519 gene 9 63 0 0.0803873134718096 6.68035220537334
9 ST6GALNAC4 128032649 gene 9 66 0 0.0238866124599504 4.91312030250027
9 SLC27A4 128227428 gene 9 66 0 0.110973034043312 18.8081107598601
9 CERCAM 128429059 gene 9 66 0 0.0237754842082025 4.65604436178439
9 STXBP1 127720687 gene 9 66 0 0.0835674343412234 15.9441203851893
9 TOR2A 127735014 gene 9 66 0 0.0264442291630667 5.68397138605966
9 TOR1B 129579012 gene 9 67 0 0.0844818470157702 5.85643263477274
9 POMT1 131434395 gene 9 69 0 0.0758489117115204 6.74125783823349
9 SURF6 133324112 gene 9 70 0 0.12690571866247 12.6658398710391
9 SLC2A6 133337361 gene 9 70 0 0.0984018428525927 10.2405869917137
9 SARDH 133734024 gene 9 70 0 0.0845293623653841 8.805465297908
9 CAMSAP1 135762311 gene 9 72 0 0.0908051304619267 7.81439269113899
9 INPP5E 136666382 gene 9 74 0 0.0611890583939094 4.99266330511068
10 IDI1 1218303 gene 10 2 0 0.0823671296590621 4.60256217535936
10 PITRM1 3103349 gene 10 4 0 0.0583335489719831 4.54290530898637
10 AKR1E2 4836780 gene 10 6 0 0.0976176210355139 10.5696341266166
10 AKR1C2 4921135 gene 10 6 0 0.0617112748480277 6.26352169855253
10 ASB13 5608083 gene 10 6 0 0.05293748549829 4.83674949286747
10 AKR1C1 4967257 gene 10 6 0 0.0938388676439627 10.1960569044183
10 PRKCQ 6280614 gene 10 7 0 0.0611712872410454 5.41930294148145
10 PFKFB3 6188413 gene 10 7 0 0.0599531673522504 6.13005621415015
10 USP6NL 11261796 gene 10 10 0 0.0331131509070985 6.19382340898799
10 SEPHS1 13232190 gene 10 11 0 0.0895225323555667 5.41171312956188
10 MCM10 12992716 gene 10 11 0 0.0930080644948134 5.77242528518671
10 FAM171A1 15261335 gene 10 13 0 0.055325465176476 6.41572531809011
10 ACBD7 15040603 gene 10 13 0 0.0496726306424532 5.387673918734
10 C1QL3 16665807 gene 10 14 0 0.0460592404407496 4.87765120769623
10 ARHGAP21 24650622 gene 10 18 0 0.196371324657666 20.436820693643
10 ABI1 26542532 gene 10 19 0 0.0569225565773719 5.07404051294958
10 GPR158 25730275 gene 10 19 0 0.0601803988850556 5.59213383744605
10 ZNF438 30836377 gene 10 23 0 0.281167289727201 16.4684036369629
10 ZEB1 31707971 gene 10 24 0 0.0460710802231745 7.68089950659009
10 CCDC7 32919328 gene 10 24 0 0.0437261486195558 7.12908527447837
10 PARD3 33917213 gene 10 25 0 0.0560651326875546 5.03069274724598
10 ZNF37A 38182669 gene 10 28 0 0.100356840080758 4.56645564178193
10 BMS1 42757365 gene 10 29 0 0.123979191438496 4.65522976200269
10 RASSF4 44974427 gene 10 31 0 0.149457244658232 10.6416079606421
10 ARHGAP22 48608144 gene 10 32 0 0.0836290532552808 6.26264011220784
10 ANK3 60205558 gene 10 40 0 0.102362740477021 10.8832826569704
10 EIF4EBP2 70416377 gene 10 46 0 0.220275568888018 21.0457368892952
10 STOX1 68843604 gene 10 46 0 0.145696678627851 16.9709971497003
10 TYSND1 70147444 gene 10 46 0 0.0409247572011371 5.02269509845593
10 TSPAN15 69512262 gene 10 46 0 0.0515492298847219 7.15981298817484
10 NODAL 70567959 gene 10 47 0 0.0825005548370579 5.91314095306609
10 MICU1 72215835 gene 10 48 0 0.109961662489602 4.73526519956879
10 PSAP 71809561 gene 10 48 0 0.240727117183683 12.4087333956736
10 COMTD1 75274305 gene 10 49 0 0.0393966292559613 4.77681760796608
10 LRMDA 75450433 gene 10 49 0 0.278628917062377 23.549933964284
10 DLG5 78164545 gene 10 50 0 0.031324126154497 4.58196726932798
10 GHITM 84035862 gene 10 54 0 0.0654995989377604 10.5500626355663
10 GRID1 86350383 gene 10 55 0 0.0829007440476048 4.90726746634526
10 SHLD2 87165772 gene 10 55 0 0.186171083200644 12.6791184969462
10 BMPR1A 86751980 gene 10 55 0 0.0830753092026935 4.92703455387586
10 LIPA 89399566 gene 10 57 0 0.186045826710311 13.6244145011287
10 IFIT1 89646863 gene 10 57 0 0.0642052466985965 5.01652905262944
10 CRTAC1 98164006 gene 10 62 0 0.058837654135971 7.08347441408496
10 ENTPD7 99603568 gene 10 64 0 0.0400198376506211 4.58880870824558
10 PDZD7 101032154 gene 10 64 0 0.0987670113205111 13.0230129775731
10 SEC31B 100496739 gene 10 64 0 0.0401875629823963 4.62743908676914
10 ACTR1A 102231624 gene 10 65 0 0.0485398040996183 4.84600553306324
10 BORCS7 102877098 gene 10 66 0 0.0254541123094377 15.4607933793657
10 AS3MT 103107106 gene 10 66 3 0.651111311963228 31.2066196034043
10 DCLRE1A 113753136 gene 10 71 0 0.234638641000967 15.0703518600066
10 ABLIM1 114433934 gene 10 71 0 0.0797580705586225 4.62069762304257
10 SHTN1 116917453 gene 10 72 0 0.0431806347254313 5.20804509014965
10 RAB11FIP2 117818166 gene 10 73 0 0.10038468544455 5.33750401395646
10 CACUL1 118679153 gene 10 73 0 0.112414607755353 6.41370100861201
10 DENND10 118979592 gene 10 74 0 0.0710684105145004 6.01620389288887
10 TACC2 122169253 gene 10 77 0 0.0437198611807076 6.26450184689976
10 PSTK 123120109 gene 10 77 0 0.0883849127753726 12.822650480819
10 CHST15 124048108 gene 10 77 0 0.064922688446065 9.92281480439807
10 PLEKHA1 122343149 gene 10 77 0 0.0777008072503628 11.5662990886076
10 LHPP 124468907 gene 10 78 0 0.0381876794638006 4.62121570324944
10 FAM53B 124811972 gene 10 78 0 0.0570985960305875 8.34758663715192
10 ZRANB1 125076069 gene 10 78 0 0.0407893386223693 5.22980680974682
10 MGMT 129474017 gene 10 81 0 0.102312255129361 5.24228402939143
10 SCART1 133419150 gene 10 85 0 0.111731294248337 5.83711619759483
10 TUBGCP2 133318548 gene 10 85 0 0.119606511388886 6.48751297110984
11 B4GALNT4 199673 gene 11 1 0 0.0790104308754042 4.85418004596352
11 TMEM80 656845 gene 11 1 0 0.306676121203871 18.1623698656372
11 DRD4 521954 gene 11 1 0 0.404978047489992 21.1912613045503
11 BET1L 252851 gene 11 1 0 0.0773643754211278 4.65649986029319
11 CHRNA10 3620169 gene 11 2 0 0.0298581078119252 4.99016180042814
11 OSBPL5 3082594 gene 11 2 0 0.0616034143605297 11.6783272314798
11 ZNF195 3357412 gene 11 2 0 0.05147124311128 10.0262668926416
11 BRSK2 1681091 gene 11 2 0 0.0439787274690491 8.57856814441652
11 STK33 8623963 gene 11 7 0 0.0840720649852614 4.82577672438257
11 DKK3 12097921 gene 11 9 0 0.0437413570867207 5.16984933540315
11 SPTY2D1 18611437 gene 11 13 0 0.0381812092342692 5.99037355102243
11 UEVLD 18789413 gene 11 13 0 0.0365094075192438 5.49396716444484
11 ELP4 32018207 gene 11 21 0 0.0565463773778114 5.59070748959778
11 DNAJC24 31403276 gene 11 21 0 0.0506448645971075 4.56686789574539
11 QSER1 33008280 gene 11 22 0 0.0873415044674648 5.55103689696161
11 TCP11L1 33045602 gene 11 22 0 0.0875887133477831 5.5776829201487
11 FJX1 35501011 gene 11 24 0 0.0697010461553036 7.258334510799
11 ACCS 44066439 gene 11 27 0 0.0730785132583327 10.9518384052537
11 EXT2 44221011 gene 11 27 0 0.0858227981737724 12.4619048382339
11 C1QTNF4 47349579 gene 11 29 0 0.1048806879704 38.4681681015457
11 CELF1 47478848 gene 11 29 0 0.0595041189894845 15.4989073382748
11 PTPRJ 48076944 gene 11 29 0 0.0340219087445458 7.64729374790748
11 SLC43A3 57426682 gene 11 32 0 0.0971545218045662 18.2011822714784
11 DTX4 59037385 gene 11 34 0 0.0364819355547689 5.72694371586867
11 TMEM132A 60927829 gene 11 34 0 0.0680045821564871 11.5047967996794
11 TMEM179B 62836440 gene 11 35 0 0.0591384729587487 5.61232186312255
11 PLAAT3 63611877 gene 11 35 0 0.0791044265117016 9.08391342219317
11 GPR137 64216073 gene 11 36 0 0.0696255249858307 15.6501410899531
11 PLCB3 64401341 gene 11 36 0 0.0732225563098885 13.6087508643302
11 STIP1 64256576 gene 11 36 0 0.0602386045360421 15.144223909807
11 EHD1 64844897 gene 11 36 0 0.0235568405583545 4.96443559475477
11 SART1 66010523 gene 11 36 0 0.0235400744136007 4.96118834532349
11 MUS81 66015151 gene 11 36 0 0.037691955433421 9.87823680185014
11 RBM4 66682434 gene 11 37 0 0.0894224177412485 8.96844532472695
11 GSTP1 67561866 gene 11 37 0 0.0745429190937997 5.43337348440127
11 PACS1 66273608 gene 11 37 0 0.116201686640583 9.59524193667971
11 LTO1 69638462 gene 11 38 0 0.0769431891622391 5.66675326892516
11 MRPL21 68860067 gene 11 38 0 0.10083863252556 8.2175207952136
11 PPFIA1 70303620 gene 11 39 0 0.32040259413624 22.2448147299912
11 PGM2L1 74274592 gene 11 41 0 0.0763200625808368 10.2365691713097
11 UVRAG 75845278 gene 11 42 0 0.0341232847531986 5.01670503568366
11 XRRA1 75009548 gene 11 42 0 0.181958987013968 20.1112520621887
11 CCDC81 86497855 gene 11 47 0 0.0622877229810799 7.95335856545507
11 PRSS23 86863301 gene 11 47 0 0.0456672157251906 5.07013272638837
11 CCDC83 85991087 gene 11 47 0 0.0596662678919774 7.55267732291792
11 CTSC 88172133 gene 11 49 0 0.0432613563901482 4.81384829524311
11 NAALAD2 90114708 gene 11 50 0 0.144261380690277 9.22516386365952
11 DEUP1 93340474 gene 11 52 0 0.198452952120712 13.1445949278483
11 CCDC82 96364768 gene 11 55 0 0.143173569250824 7.84280940791836
11 PTS 111977411 gene 11 66 0 0.0991697510471296 8.243038500201
11 TTC12 113290360 gene 11 67 0 0.0587947138452207 23.2185447964509
11 CEP164 117322538 gene 11 70 0 0.0549303042028713 4.5597015150497
11 IFT46 118492709 gene 11 71 0 0.181417554033715 16.5644970569918
11 TRAPPC4 118961054 gene 11 71 0 0.462846247431641 17.0592378577437
11 ARHGEF12 120528056 gene 11 72 0 0.0611622164385366 5.54806855281088
11 SC5D 121111396 gene 11 73 0 0.0675039906915633 5.49473576315474
11 SCN3B 123499531 gene 11 75 0 0.233295806529 16.6038957162359
11 TBRG1 124457909 gene 11 76 0 0.0628919232265547 5.69385121210993
11 CCDC15 125004486 gene 11 77 0 0.0669003319480888 13.2406103738014
11 SNX19 130894514 gene 11 81 0 0.545058123025996 21.2621089631732
11 GLB1L3 134307311 gene 11 83 0 0.0286041872832756 7.5008377295855
11 B3GAT1 134623267 gene 11 84 0 0.0540798951716458 13.9980461517725
12 WNT5B 1507253 gene 12 2 0 0.169931879933423 22.2585306008164
12 ERC1 971772 gene 12 2 0 0.0287007095719899 5.86214678951113
12 CRACR2A 3895586 gene 12 4 0 0.193644757839334 14.7398219217838
12 NDUFA9 4710699 gene 12 5 0 0.0824648442549774 5.97576272037684
12 SPSB2 7011104 gene 12 7 0 0.139265802286844 15.1224846400797
12 ACSM4 7243573 gene 12 7 0 0.134569211321265 14.8912911771952
12 ATN1 6788073 gene 12 7 0 0.0736921610257624 9.32077262523563
12 A2M 8851916 gene 12 8 0 0.0677720109378223 4.97590460356372
12 PZP 9245005 gene 12 9 0 0.094072785208525 6.01736529162459
12 PRR4 11022154 gene 12 10 0 0.0984743027720842 5.25201087792616
12 BORCS5 12357163 gene 12 11 0 0.132374921150217 12.1503859909484
12 FAM234B 13374948 gene 12 12 0 0.0373677758838874 7.31094522664431
12 HEBP1 13030170 gene 12 12 0 0.108306621253385 17.2536290620571
12 AEBP2 19652250 gene 12 15 0 0.0499589760636383 8.41103147493227
12 SLCO1A2 21340595 gene 12 16 0 0.0503686509256772 12.3832351154645
12 GOLT1B 21495136 gene 12 16 0 0.0217110541342734 4.69961024482543
12 BHLHE41 25892007 gene 12 18 0 0.0382906963669857 4.82739607074349
12 KLHL42 27620038 gene 12 18 0 0.112092448284845 14.8722113679035
12 DDX11 31060697 gene 12 21 0 0.232447963096729 19.6932720544693
12 FGD4 32855534 gene 12 22 0 0.19974073559961 12.7506925037724
12 LRRK2 40585100 gene 12 26 0 0.316804636718449 18.8833107325486
12 TMEM117 43788903 gene 12 28 0 0.0787863135488579 7.77724822606166
12 WNT10B 48899756 gene 12 31 0 0.0747778820251546 13.3997854020641
12 PRPH 49284862 gene 12 31 0 0.0274348248226242 4.65897591799528
12 CERS5 50109299 gene 12 31 0 0.124549039233113 18.2751050570367
12 BCDIN3D 49964391 gene 12 31 0 0.0372166135287029 7.15390840098063
12 ATG101 52020416 gene 12 32 0 0.0731475025978238 4.79394208424516
12 SARNP 55779792 gene 12 35 0 0.058802703497291 4.54530565893625
12 DPY19L2 63697607 gene 12 39 0 0.116438671260019 6.27613294780297
12 MSRB3 65383365 gene 12 40 0 0.432158110113413 23.6805703748046
12 HELB 66300655 gene 12 40 0 0.0952795830472634 8.37326844050163
12 YEATS4 69401029 gene 12 42 0 0.0569577206027253 5.76423576455707
12 CPSF6 69331129 gene 12 42 0 0.158569611582649 15.4717009458083
12 NUP107 68790570 gene 12 42 0 0.121628491102944 12.9105958308981
12 RAP1B 68725473 gene 12 42 0 0.0503363809369932 4.61626365352152
12 MYRFL 69838518 gene 12 43 0 0.260298949043114 17.4086961409945
12 GLIPR1 75230975 gene 12 46 0 0.0298845418859972 6.46134339556411
12 GLIPR1L2 75472588 gene 12 46 0 0.0419648693696759 9.13461952567538
12 MGAT4C 86013014 gene 12 53 0 0.0486807770114356 12.5568451524753
12 CEP290 87909225 gene 12 53 0 0.168495746564579 21.906770013542
12 POC1B 89684845 gene 12 54 0 0.0472378367480776 8.72477708813971
12 PLXNC1 94534989 gene 12 56 0 0.0815839715024685 9.53344110514777
12 SNRPF 95853480 gene 12 57 0 0.129883866580223 8.24686497301451
12 CCDC38 95876520 gene 12 57 0 0.0942435521795002 5.19011112414383
12 GAS2L3 100691507 gene 12 59 0 0.0892043387239918 16.2328368612967
12 WASHC3 102043339 gene 12 61 0 0.110861112893318 5.36407406934758
12 NUP37 102018721 gene 12 61 0 0.120304638411543 6.14468534920682
12 NT5DC3 103626454 gene 12 62 0 0.0178537305096091 5.43475005215268
12 SART3 108671800 gene 12 66 0 0.0299788430976435 6.10321208008482
12 PLBD2 113390551 gene 12 68 0 0.225541249435911 16.7325157941253
12 RBM19 113859615 gene 12 69 0 0.177225521160497 10.5267261848996
12 FBXW8 117040011 gene 12 72 0 0.322779228406566 19.6553259794675
12 PEBP1 118111646 gene 12 73 0 0.0794250206117446 11.2250442008306
12 ANAPC5 121347992 gene 12 74 0 0.141969151964779 21.5420342085805
12 COX6A1 120641350 gene 12 74 0 0.0527827128158461 12.2009863617073
12 P2RX7 121382977 gene 12 74 0 0.0291375789890482 6.71374698824703
12 RFLNA 123775362 gene 12 75 0 0.0262394000969142 13.4988940304594
12 VPS33A 122204614 gene 12 75 0 0.0161113323793144 7.08915168896484
12 RSRC2 122539929 gene 12 75 0 0.0146490363140178 6.96100062562229
12 AACS 125136873 gene 12 76 0 0.0845691403617828 8.66008832731095
13 ZMYM2 19922569 gene 13 1 0 0.258716402328754 15.3835878424964
13 IFT88 20581807 gene 13 2 0 0.185682501162174 14.7561245832477
13 ZDHHC20 21373816 gene 13 2 0 0.32140683308982 20.3628754963304
13 FGF9 21793346 gene 13 3 0 0.148838097758489 13.2688038543058
13 MIPEP 23792411 gene 13 4 0 0.0991581269706875 7.01203562270908
13 TNFRSF19 23493653 gene 13 4 0 0.203305601684215 14.0676690882699
13 CENPJ 24985410 gene 13 5 0 0.0826530079931552 6.09646744677844
13 POLR1D 27376826 gene 13 7 0 0.0614099673494529 9.51783627062054
13 RPL21 27024689 gene 13 7 0 0.0459012573371049 6.81424051267389
13 PAN3 28031877 gene 13 7 0 0.119454574028662 15.7907863511473
13 USP12 26818345 gene 13 7 0 0.0417618341925049 5.93995140200886
13 SLC7A1 29554140 gene 13 8 0 0.178376343915547 13.6262122778644
13 CCDC169 36242985 gene 13 13 0 0.0914917191119089 5.77109046380369
13 CCDC122 43915834 gene 13 17 0 0.361549747037542 18.1729670332634
13 ZC3H13 45972048 gene 13 19 0 0.0886464386989938 7.49068781907878
13 CAB39L 49457732 gene 13 21 0 0.0661134814454505 8.16223722878801
13 RNASEH2B 50871424 gene 13 21 0 0.0691438273851769 9.50279557896748
13 NEK5 52177857 gene 13 22 0 0.29672174917525 17.7842075731915
13 CKAP2 52419277 gene 13 22 0 0.101222864448042 7.16509437300209
13 TBC1D4 75481466 gene 13 37 0 0.215585461442331 19.5927608033961
13 GPC5 92369825 gene 13 45 0 0.0273425892900361 4.90472228851254
13 FARP1 98284817 gene 13 49 0 0.100164808744115 5.76298200090929
13 CLYBL 99810558 gene 13 50 0 0.0460411833023432 4.54449010736584
13 TEX30 102988857 gene 13 52 0 0.185122630232337 17.1904497699445
13 ITGBL1 101824898 gene 13 52 0 0.0526969714715223 5.24153110939185
13 FGF14 102194454 gene 13 52 0 0.053012787086435 5.29700213562489
13 COL4A1 110234987 gene 13 59 0 0.0518937144046076 6.04286864026832
13 TEX29 111358764 gene 13 60 0 0.0697815442104773 9.53750694297988
13 ATP11A 112646095 gene 13 61 0 0.103871993550497 10.8205921473514
14 ZNF219 20984347 gene 14 1 0 0.157992575737883 12.2401049769242
14 NGDN 23696463 gene 14 3 0 0.056244203628971 5.35739049656867
14 CHMP4A 24213631 gene 14 3 0 0.081431869976373 8.8166117292259
14 PRMT5 22696743 gene 14 3 0 0.0871337755099264 9.45376319175279
14 SDR39U1 24351845 gene 14 3 0 0.0674609898837751 7.05249847826078
14 STXBP6 24698895 gene 14 4 0 0.108559957015442 8.29251437368642
14 SCFD1 30531743 gene 14 7 0 0.138975661361874 20.506045678729
14 TRAPPC6B 39272774 gene 14 11 0 0.0632186139980846 4.8452930831983
14 SAV1 50538495 gene 14 20 0 0.0953710110017177 11.6894904058743
14 GNG2 52094632 gene 14 21 0 0.0400584397265766 7.69734167045198
14 TXNDC16 52552040 gene 14 21 0 0.0756688622295787 13.2096617244905
14 CNIH1 54581231 gene 14 23 0 0.101642807395414 4.94249776988617
14 PPM1A 60246469 gene 14 27 0 0.037551652475892 5.47795913738157
14 C14orf39 60437039 gene 14 27 0 0.0756746367784096 11.8533957902984
14 CHURC1 64887054 gene 14 30 0 0.0919627745551608 7.28434504465936
14 SLC39A9 69148262 gene 14 32 0 0.0309830825542199 4.59766791777242
14 EXD2 69101439 gene 14 32 0 0.052360941533436 9.44553539164876
14 MED6 70615516 gene 14 32 0 0.0529531953377529 9.5499511928331
14 PLEKHD1 69242656 gene 14 32 0 0.0659118702366059 11.5884125385397
14 DCAF4 72881422 gene 14 34 0 0.0270537727330565 5.42109836822328
14 FAM161B 73824678 gene 14 34 0 0.0245671078107338 4.55533847109966
14 DLST 74915979 gene 14 34 0 0.0723830861621281 14.4273881984531
14 TMEM63C 77144410 gene 14 36 0 0.0673400440712377 4.6198327363453
14 GSTZ1 77401328 gene 14 36 0 0.0670125644763833 4.57428199417803
14 VIPAS39 77183791 gene 14 36 0 0.0685851696680969 4.79108257440766
14 SPATA7 88484662 gene 14 44 0 0.0593804971048338 6.61570504608766
14 KCNK10 88346758 gene 14 44 0 0.0513757356154619 4.65919614519017
14 FOXN3 89378764 gene 14 45 0 0.0604496877596982 7.68661010253328
14 CATSPERB 91813693 gene 14 46 0 0.0502422404004955 5.10863068636989
14 RPS6KA5 91196271 gene 14 46 0 0.050615264190371 5.17724950004893
14 UNC79 93452539 gene 14 47 0 0.324332961532646 15.6579330922503
14 IFI27L1 94098996 gene 14 48 0 0.0784797188734174 6.63601747428453
14 CYP46A1 99718686 gene 14 52 0 0.0257889736536614 7.26366212943385
14 LBHD2 103079265 gene 14 54 0 0.17210240525757 17.521745997351
14 MARK3 103385438 gene 14 54 0 0.0397316559415697 7.14369884711336
14 TRAF3 102775462 gene 14 54 0 0.0508366175982408 7.14055844647866
14 NUDT14 105170250 gene 14 55 0 0.188539000268307 13.1660097667772
15 SNRPN 24941618 gene 15 4 0 0.0275707161541492 4.76548524814016
15 NSMCE3 29123357 gene 15 6 0 0.0723439062000321 5.53542695559976
15 FAN1 30883066 gene 15 7 0 0.0800241263190459 4.76388299560527
15 OTUD7A 31796979 gene 15 8 0 0.0829660470943013 7.08833300994304
15 RYR3 33372261 gene 15 9 0 0.0632188054714498 5.65709114197269
15 AVEN 34043029 gene 15 10 0 0.0382633637055937 4.99957708726261
15 PAK6 40259333 gene 15 14 0 0.0580473503017386 5.60854724192632
15 INAFM2 40186472 gene 15 14 0 0.0748757217712899 8.16163286583226
15 TTBK2 42920620 gene 15 16 0 0.0770462024594684 11.0013632859353
15 PATL2 44783597 gene 15 17 0 0.123909307760413 12.2993825873617
15 TRIM69 44720296 gene 15 17 0 0.0915089999898164 8.88590564818215
15 SLC28A2 45254180 gene 15 17 0 0.0799980268755228 7.67112432543874
15 GLDN 51361063 gene 15 20 0 0.208107399126298 19.6279260882286
15 TRPM7 50426364 gene 15 20 0 0.0691317648403088 9.04542326557609
15 DMXL2 51682788 gene 15 21 0 0.131240790051723 11.6143814261978
15 SCG3 51443753 gene 15 21 0 0.0650723036077904 5.4599450183803
15 GNB5 52219268 gene 15 21 0 0.060331873854494 4.57050883868736
15 NEDD4 56040642 gene 15 24 0 0.0229873355317743 5.38665114666691
15 RAB27A 55508639 gene 15 24 0 0.118518609254465 18.8867482165683
15 ADAM10 58601322 gene 15 26 0 0.0922100856374916 15.563698919301
15 TLN2 62587549 gene 15 28 0 0.0241463801850668 8.72167200884171
15 CSNK1G1 64355987 gene 15 29 0 0.0695765832136635 10.1664018961863
15 CILP 65201150 gene 15 30 0 0.173920345532284 14.3957050311974
15 MEGF11 66210277 gene 15 30 0 0.111386233304747 10.0901372355068
15 MAP2K1 66539748 gene 15 30 0 0.0664461336189067 5.22034469622883
15 ANKDD1A 64899578 gene 15 30 0 0.152391402318279 13.1048955952779
15 IQCH 67620639 gene 15 31 0 0.0821051590424499 9.05282969424946
15 MAP2K5 67620639 gene 15 31 0 0.0821051590424499 9.05282969424946
15 AAGAB 67082011 gene 15 31 0 0.0655439378657294 5.9770731295807
15 UACA 70763262 gene 15 33 0 0.0511066010866619 5.96640141359688
15 ISLR2 73883936 gene 15 35 0 0.051394439037052 7.38798711672857
15 UBL7 74283134 gene 15 35 0 0.0437656755339548 5.77193405820208
15 SCAPER 76925139 gene 15 36 0 0.0443531465813386 4.88741369265178
15 TBC1D2B 78077473 gene 15 36 0 0.0800148023438269 9.69548270012951
15 CHRNA5 78631645 gene 15 37 0 0.128670923716983 36.8998110177391
15 PSMA4 78545331 gene 15 37 1 0.0741181080533741 47.4232150675432
15 BNC1 83245536 gene 15 38 0 0.0374293342814047 10.6063755019645
15 GOLGA6L10 82245797 gene 15 38 0 0.0692113068736744 24.4502402435065
15 GOLGA6L4 84164180 gene 15 39 0 0.066856998953995 13.8281631395704
15 PEX11A 89689863 gene 15 41 0 0.238188809421852 23.9372444870866
15 KIF7 89498730 gene 15 41 0 0.035044567459896 5.40396611363453
15 SV2B 91132129 gene 15 42 0 0.05170330285475 6.19757012330827
15 NGRN 90364819 gene 15 42 0 0.0480227786510122 5.67875961280919
15 FURIN 90837556 gene 15 42 0 0.0871536001286418 10.4329523447591
15 CERS3 100550291 gene 15 49 0 0.075118811991238 5.43279186612214
16 RAB11FIP3 465267 gene 16 1 0 0.152912328040276 10.7514859285518
16 WFIKKN1 616149 gene 16 1 0 0.087704177738106 5.43818970763959
16 CAPN15 606033 gene 16 1 0 0.0859304077354597 5.24562431695071
16 TELO2 1443758 gene 16 2 0 0.0684917962168593 5.75931983940936
16 MRPS34 2016457 gene 16 2 0 0.0757066849387176 6.69712144240326
16 HAGH 2061778 gene 16 2 0 0.0703494501722673 6.0096217555561
16 PKD1 1972358 gene 16 2 0 0.126034069609804 11.5271572185928
16 MEIOB 1797725 gene 16 2 0 0.0621520482779296 4.85250831909025
16 NAA60 3356516 gene 16 3 0 0.162429644120233 9.93168226354284
16 TRAP1 3691561 gene 16 3 0 0.190204967059318 11.4837562220759
16 CREBBP 3531316 gene 16 3 0 0.0934086712647079 4.62500158926219
16 TNFRSF12A 3202722 gene 16 3 0 0.175588396697714 10.6948748151705
16 FLYWCH1 2943813 gene 16 3 0 0.220853507641833 12.9749146876033
16 MGRN1 4573357 gene 16 4 0 0.0436610688476555 8.82441067792114
16 SEPTIN12 4797316 gene 16 4 0 0.173704938290166 18.3223543583196
16 RBFOX1 6783269 gene 16 6 0 0.0455536711779244 6.43854507107143
16 GRIN2A 9517601 gene 16 9 0 0.0405662719694656 6.97245344446451
16 TEKT5 10661904 gene 16 11 0 0.174494870615395 10.4729749623229
16 ATF7IP2 10410781 gene 16 11 0 0.145346201717237 8.69058138871854
16 NPIPB2 11976565 gene 16 12 0 0.792851085766162 18.9196830937702
16 RSL1D1 11588670 gene 16 12 0 0.0586867637715234 4.82097861403694
16 KNOP1 19694877 gene 16 18 0 0.0535904700792114 5.52032110796809
16 ITPRIPL2 19143200 gene 16 18 0 0.0585311278266479 5.95935222983646
16 ERI2 20534711 gene 16 19 0 0.0637124438974561 4.54352776328969
16 LYRM1 20886346 gene 16 19 0 0.104143369170976 9.16576862218091
16 TNRC6A 24362582 gene 16 21 0 0.0405165952390257 6.67698459516123
16 RBBP6 24330488 gene 16 21 0 0.0384060728440884 6.18300773470993
16 KDM8 27096010 gene 16 22 0 0.073272357410738 7.02737559854641
16 KAT8 31048004 gene 16 24 0 0.110392478092999 10.2638921642326
16 FTO 53810667 gene 16 29 0 0.0347290290809554 4.56337992826289
16 LPCAT2 55530098 gene 16 29 0 0.0358066213452835 4.84504562831924
16 MT3 56643298 gene 16 30 0 0.0627108506475189 7.97868801417544
16 OGFOD1 56554569 gene 16 30 0 0.0466925063942504 5.23792834415007
16 HERPUD1 56948637 gene 16 30 0 0.0493633983751347 5.75343029731188
16 LRRC36 67356495 gene 16 36 0 0.0432547526176687 6.37955464861364
16 CYB5B 69434939 gene 16 37 0 0.0919337282005181 8.44867491971612
16 EXOSC6 70282008 gene 16 37 0 0.081881383976563 6.65137188952999
16 AP1G1 71755647 gene 16 38 0 0.0710164968352469 5.30442622163283
16 MARVELD3 71694055 gene 16 38 0 0.119138468206197 10.4724137341372
16 RFWD3 74491821 gene 16 39 0 0.0371544280203688 4.6260970729677
16 BCAR1 75216165 gene 16 40 0 0.0903278022434735 4.76847337514094
16 SYCE1L 77177948 gene 16 41 0 0.0446806998551442 4.74756075618322
16 WWOX 78087310 gene 16 42 0 0.0916235121051053 7.40327596513666
16 WFDC1 84268118 gene 16 48 0 0.0680186140851236 6.67752271912775
16 CRISPLD2 84833777 gene 16 49 0 0.0888996379881275 4.83309683859092
16 MEAK7 84503580 gene 16 49 0 0.182558083103698 11.753489794398
16 COTL1 84513609 gene 16 49 0 0.0868737379631341 4.61572334239672
16 GSE1 85749632 gene 16 50 0 0.0788437536379852 7.99759892895736
16 C16orf74 85777041 gene 16 50 0 0.298178883140712 21.028042051124
16 CYBA 88663165 gene 16 53 0 0.19591604070968 19.0079191629981
16 SNAI3 88703257 gene 16 53 0 0.106372046692094 13.0878401558027
16 KLHDC4 87736863 gene 16 53 0 0.208828739342838 19.6437826586601
16 CBFA2T3 88902132 gene 16 53 0 0.0436626500725436 4.75477647932247
16 SLC7A5 87947971 gene 16 53 0 0.073881192418544 9.64884356202469
16 CDK10 89676811 gene 16 54 0 0.114163407733457 20.7239405820583
16 SPG7 89506257 gene 16 54 0 0.0450579725751027 5.02894410333194
16 ZNF778 89425914 gene 16 54 0 0.0449820800969133 4.72400991458515
16 GAS8 89958562 gene 16 54 0 0.150984776777902 19.4800935484064
17 TIMM22 1218572 gene 17 1 0 0.0739163304695197 4.67769218423753
17 TLCD2 1736164 gene 17 2 0 0.105129508163454 10.5276686547929
17 SCARF1 1460879 gene 17 2 0 0.0907652257436201 10.5782916349692
17 SRR 2264810 gene 17 3 0 0.0421571715199728 8.03078006472122
17 P2RX5 3717423 gene 17 3 0 0.0417302507459755 6.50275795438617
17 ITGAE 3632461 gene 17 3 0 0.405947319771263 27.5858485052433
17 ZZEF1 4262661 gene 17 4 0 0.100159349801294 7.11828525738938
17 USP6 5250721 gene 17 5 0 0.0619866853128818 5.6914836627855
17 KIAA0753 6609820 gene 17 6 0 0.0488717977728234 5.09876017948928
17 EIF5A 7263341 gene 17 6 0 0.0806354856676166 9.65689898247798
17 SOX15 7672415 gene 17 7 0 0.147540880596602 12.9512929784187
17 KRBA2 8368888 gene 17 7 0 0.135741616841489 12.158445536318
17 PER1 8018707 gene 17 7 0 0.0949066464282818 8.54652212874152
17 SCO1 10619677 gene 17 9 0 0.140948842067654 10.2850423622256
17 MAP2K4 11906581 gene 17 10 0 0.121361004504659 10.8642085655673
17 TTC19 16290130 gene 17 14 0 0.151679780403508 8.59210077285461
17 TRPV2 16406140 gene 17 14 0 0.120842176130796 6.40103999922031
17 CDRT4 15561365 gene 17 14 0 0.131940359662118 7.2442290251693
17 TVP23C 15531231 gene 17 14 0 0.144516886039049 8.1229042412346
17 TEKT3 15442026 gene 17 14 0 0.0994965740086847 4.54995697080192
17 USP22 20940680 gene 17 16 0 0.084032723886415 8.70694335842793
17 LYRM9 27879870 gene 17 17 0 0.107315577431042 9.61477950308633
17 WSB1 27295620 gene 17 17 0 0.0673486784744153 4.72635767995384
17 COPRS 31779097 gene 17 19 0 0.116355548077354 12.3705612715936
17 LRRC37B 32187848 gene 17 19 0 0.0826280406588994 9.64148122353699
17 C17orf75 32320283 gene 17 19 0 0.270958808582114 18.7526480688669
17 ASIC2 33751859 gene 17 20 0 0.0897397252697366 8.96900281116506
17 ACACA 37531282 gene 17 22 0 0.0805449055622887 8.76715429708719
17 DDX52 37845878 gene 17 22 0 0.0858561656691469 9.40939304353733
17 TCAP 39648099 gene 17 23 0 0.0577317153649774 4.99997562974099
17 TUBG2 42630371 gene 17 25 0 0.23796985023801 15.9376630175233
17 ETV4 43529343 gene 17 25 0 0.199969168874647 14.1888020209203
17 NT5C3B 41783178 gene 17 25 0 0.082279789687081 5.63687970503645
17 VPS25 42913514 gene 17 25 0 0.0732886519392352 4.55061458769553
17 MPP2 43919365 gene 17 26 0 0.10047406732509 7.88430389555692
17 DUSP3 43944520 gene 17 26 0 0.275518279579292 17.8024712290509
17 DBF4B 44658049 gene 17 26 0 0.0765059871405671 5.31457924600763
17 PLEKHM1 45661828 gene 17 27 0 0.0438808531640686 8.82889769575886
17 DCAKD 45075509 gene 17 27 0 0.224643489019159 23.3295729811989
17 HEXIM1 45194580 gene 17 27 0 0.0415837483420222 5.81776293310321
17 MRPL10 47919422 gene 17 28 0 0.0504362986287593 4.80528151161912
17 HOXB6 48631288 gene 17 28 0 0.0499982085440279 4.72432659410327
17 NME2 50921569 gene 17 29 0 0.0851896720677395 11.9259810569861
17 TBX2 61577092 gene 17 36 0 0.069526143165717 4.54298673244876
17 HELZ 66833133 gene 17 39 0 0.0975653378619098 14.4424414764694
17 ABCA10 69113532 gene 17 39 0 0.040721067668023 6.28468051183599
17 C17orf80 73130492 gene 17 41 0 0.047277580005151 10.8727193837441
17 CASKIN2 75297107 gene 17 42 0 0.0578559414592512 7.39648553580451
17 MXRA7 76674498 gene 17 43 0 0.0301808176775733 4.5810511322893
17 SEPTIN9 77412805 gene 17 43 0 0.224639701988967 23.3676144828667
17 MGAT5B 76927855 gene 17 43 0 0.03118278502525 4.8759260383068
17 TMC8 78233704 gene 17 43 0 0.101194858094539 15.76596860173
17 CYTH1 78964833 gene 17 44 0 0.0955776634226361 7.7011462899091
17 DNAH17 78614702 gene 17 44 0 0.0689899102005231 4.63589703851937
17 SGSH 80016703 gene 17 45 0 0.0438169485789485 5.83342755747306
17 GAA 80101429 gene 17 45 0 0.0634844982770766 8.89048450834761
17 CCDC40 80036614 gene 17 45 0 0.0390613027165643 4.6236349628815
17 CEP131 81150326 gene 17 46 0 0.0568615670608945 4.71502444188515
17 ARL16 81655869 gene 17 46 0 0.0723931489376773 7.23105778455189
17 OXLD1 81678866 gene 17 46 0 0.0639866847702433 6.09388700916724
17 NDUFAF8 81190250 gene 17 46 0 0.160348067339117 14.4757005170985
17 B3GNTL1 83054585 gene 17 47 0 0.0538029528608005 4.62651453008767
17 RAB40B 82888640 gene 17 47 0 0.114486045461934 11.7238461129818
17 WDR45B 82649954 gene 17 47 0 0.146719102794222 14.108787296806
17 CCDC57 82175532 gene 17 47 0 0.379402369139713 23.8184698120612
17 NARF 82444420 gene 17 47 0 0.0755432755381084 7.7932229710294
17 RFNG 82076567 gene 17 47 0 0.0551936788487036 4.86369159703069
18 PPP4R1 9645382 gene 18 7 0 0.0307783847603625 6.28705084610868
18 ZNF519 14035208 gene 18 9 0 0.0463383616032328 7.87040768311595
18 MPPE1 11905954 gene 18 9 0 0.0751040718583321 12.3678991567547
18 CEP192 13021631 gene 18 9 0 0.0411212521438635 6.76550114775987
18 TMEM241 23420626 gene 18 12 0 0.102537766142487 11.362293026853
18 B4GALT6 31653282 gene 18 17 0 0.17031888615752 19.6174632034014
18 SLC39A6 36169576 gene 18 19 0 0.12201541087728 14.5268180830281
18 MAPRE2 35031924 gene 18 19 0 0.0434358050606767 4.83664233098262
18 GALNT1 35836751 gene 18 19 0 0.0651819281985735 8.60719024748672
18 FHOD3 36293452 gene 18 20 0 0.100901900443451 6.78273966004098
18 RIT2 42919728 gene 18 24 0 0.0366604664404537 4.60714383556328
18 PSTPIP2 46071167 gene 18 25 0 0.0836979218969578 8.08947695807181
18 DYM 49283848 gene 18 27 0 0.0603503358362579 6.87891954730156
18 POLI 54271677 gene 18 30 0 0.000364652293864842 5.27866919282327
18 RAB27B 54805177 gene 18 30 0 0.00112865819744112 21.4490698902016
18 MALT1 58592393 gene 18 31 0 0.0797353551163929 5.54511310338974
18 FECH 57753058 gene 18 31 0 0.231279595994473 15.8520032775052
18 PIGN 61791877 gene 18 34 0 0.339353387920991 19.9097342452137
18 PHLPP1 62622608 gene 18 35 0 0.0826491960410197 5.02703702867625
18 CBLN2 72819812 gene 18 42 0 0.0652765448628091 5.86570894798839
18 CYB5A 74241768 gene 18 43 0 0.0952617691696399 6.99717425061803
18 GALR1 77257717 gene 18 46 0 0.0565919683619323 4.80904048744032
19 TPGS1 509158 gene 19 1 0 0.0623504434692085 4.55082017657839
19 KISS1R 982698 gene 19 2 0 0.0365233746476991 4.96948646008332
19 POLR2E 1086353 gene 19 2 0 0.0964344195237198 14.0211065990407
19 FAM174C 1283616 gene 19 2 0 0.120042313527534 16.1046741719164
19 SLC39A3 2500817 gene 19 3 0 0.0516103354025833 4.8601328434238
19 AMH 2244073 gene 19 3 0 0.0757501731085649 8.88163914814697
19 CELF5 3142803 gene 19 4 0 0.112892960882879 7.1192993222016
19 CACTIN 3362555 gene 19 4 0 0.0860307554521544 4.54422269083947
19 FEM1A 4924441 gene 19 5 0 0.0807081583498049 10.0983952535254
19 PTPRS 5328990 gene 19 5 0 0.10409129339435 12.6549264237987
19 PRR36 7758129 gene 19 7 0 0.0657519344594857 4.84460085693005
19 CD320 8262312 gene 19 7 0 0.0779137820892527 6.43349884275534
19 ZNF557 7207720 gene 19 7 0 0.063978245881705 4.58933969129956
19 EVI5L 7826881 gene 19 7 0 0.108767525001048 9.58587420167106
19 KANK3 8314830 gene 19 8 0 0.0802934828160935 4.8150650066531
19 SMARCA4 10757176 gene 19 9 0 0.0600478982575757 5.85327115678936
19 ZNF266 9282434 gene 19 9 0 0.0624877453344046 6.2244919412166
19 LDLR 11116878 gene 19 9 0 0.0650398071889995 6.59793992729164
19 ECSIT 11704586 gene 19 10 0 0.0153069996395901 4.92087030596983
19 MRI1 13729756 gene 19 11 0 0.0708663416760992 4.54904943149542
19 MISP3 14063171 gene 19 11 0 0.0857823907977291 6.34246356611417
19 DNAJB1 14599003 gene 19 12 0 0.0750492158774225 4.55457602566965
19 TECR 14498659 gene 19 12 0 0.075322414590853 4.61242239287206
19 SLC1A6 14971600 gene 19 12 0 0.0872607277707427 5.97214957963528
19 ZNF333 14692884 gene 19 12 0 0.118514666221912 8.91923864235497
19 C19orf44 16544997 gene 19 14 0 0.0458122209662049 5.43785180779012
19 NWD1 16974531 gene 19 14 0 0.0974239560954163 12.4923494206683
19 COLGALT1 17364359 gene 19 14 0 0.0852913773291991 11.2363617599169
19 PGLS 17701211 gene 19 14 0 0.121889016326871 14.6254710632282
19 GTPBP3 17163083 gene 19 14 0 0.0417535144403343 4.5796973317081
19 COPE 18930214 gene 19 15 0 0.343047357388703 19.1742631412719
19 ZNF14 19691661 gene 19 15 0 0.0507815680556333 7.67783598433937
19 KLHL26 18814567 gene 19 15 0 0.0460128528456981 4.59059802126697
19 ISYNA1 18430125 gene 19 15 0 0.0564648927441659 8.14712963141878
19 MAU2 19282868 gene 19 15 0 0.0510369739702893 8.71187042917253
19 CERS1 18971274 gene 19 15 0 0.0614692239562629 8.51788873347996
19 ZNF682 19814132 gene 19 16 0 0.10311468975569 5.39220789012704
19 ZNF253 19866179 gene 19 16 0 0.136887524765902 8.10231788639063
19 ZNF738 21231608 gene 19 17 0 0.0480482356444209 4.54547459822311
19 ZNF708 21300779 gene 19 17 0 0.0491588598043944 4.75730331088208
19 ZNF493 21384558 gene 19 17 0 0.125695773215188 13.5864684190079
19 ZNF431 21109710 gene 19 17 0 0.048846017605092 4.6981136880892
19 ZNF100 21729953 gene 19 17 0 0.193696593463253 17.7993428248875
19 ZNF429 21539539 gene 19 17 0 0.0592839033418368 6.49737874062318
19 ZNF66 20869426 gene 19 17 0 0.0509409371609516 5.08759579666389
19 ZNF675 23686347 gene 19 19 0 0.0796220052752331 6.11978639492319
19 C19orf12 29662109 gene 19 21 0 0.0755726541194064 4.54689178029055
19 SLC7A9 32875923 gene 19 23 0 0.049956686630387 4.55405396313553
19 COX6B1 35666265 gene 19 24 0 0.0990453990771 12.0792204650953
19 LGI4 35136564 gene 19 24 0 0.0460384326305465 4.91394613341464
19 KMT2B 35848345 gene 19 24 0 0.0459437060480296 4.89487479962165
19 ZNF30 34938570 gene 19 24 0 0.0598849136038495 7.35559875531259
19 ZNF302 34644604 gene 19 24 0 0.0661841433974267 8.28844343491394
19 ZFP82 36225814 gene 19 25 0 0.0589910060928162 4.75430839116903
19 POLR2I 36124781 gene 19 25 0 0.0578290661211969 4.56912975601016
19 ZNF568 36947293 gene 19 25 0 0.0754671638396408 7.05555466199557
19 ZFP30 37550319 gene 19 26 0 0.053602698162721 11.8287324610514
19 FBXO27 39016317 gene 19 26 0 0.0438456701702638 9.99376509375401
19 PLD3 40213503 gene 19 27 0 0.074309754581678 4.95245067876232
19 RAB4B 40626117 gene 19 28 0 0.243028876675759 13.8117052258917
19 ZNF283 43826620 gene 19 30 0 0.125785548552886 7.7602757156267
19 PPM1N 45380695 gene 19 31 0 0.209043935067102 14.3470676724459
19 BLOC1S3 45337140 gene 19 31 0 0.0857088312658149 5.73668848700981
19 DMPK 45720898 gene 19 32 0 0.126895651602885 7.72757237147826
19 PNMA8A 46392960 gene 19 32 0 0.0953443339090608 5.00423642445934
19 ARHGAP35 47163454 gene 19 33 0 0.0335230900498377 4.89294544496765
19 SELENOW 47697546 gene 19 33 0 0.050756381077556 8.61227857211446
19 SCAF1 49653639 gene 19 34 0 0.0711206467332816 20.4777321780908
19 DHDH 48904403 gene 19 34 0 0.0203011022508413 4.56265233767994
19 POLD1 50300146 gene 19 34 0 0.0565701393515956 14.1271695399445
19 ATF5 49954294 gene 19 34 0 0.0279904157470765 7.390405558826
19 ADM5 49466677 gene 19 34 0 0.0225304693304577 6.12881875347444
19 NR1H2 50426702 gene 19 34 0 0.0324645352008301 8.67846605213874
19 C19orf81 50519885 gene 19 34 0 0.0385282677077423 10.520497127362
19 HAS1 51724663 gene 19 35 0 0.0850373885428969 10.6689247055338
19 ZNF528 52413945 gene 19 35 0 0.0917368727512302 11.3841009097303
19 ZNF880 52377513 gene 19 35 0 0.0614445039055167 7.62527693997055
19 KLK6 51051239 gene 19 35 0 0.0446916542579328 4.66925960548507
19 ZNF577 51846664 gene 19 35 0 0.0530319613706929 6.25550423692885
19 ZNF432 52082336 gene 19 35 0 0.065361397053423 8.20187096850363
19 ZNF611 52735218 gene 19 36 0 0.0448089998138125 6.50880209017116
19 ZNF83 52616555 gene 19 36 0 0.0409294348223436 5.68633409568302
19 ZNF160 53305845 gene 19 36 0 0.0377138040094364 4.94695014454169
19 ZNF320 53133353 gene 19 36 0 0.048347259715559 7.2050015678482
19 ZNF813 53450965 gene 19 36 0 0.0396745424400574 5.40041073645727
19 ZNF765 53637084 gene 19 36 0 0.0370604404141398 4.78698060404098
19 ZNF28 52908195 gene 19 36 0 0.190673528492137 19.9921828560564
19 CACNG8 54137672 gene 19 37 0 0.0856462321767931 5.81934511805783
19 GP6 55032835 gene 19 37 0 0.116936907841596 8.77256427882125
19 ZNF471 56590508 gene 19 38 0 0.0231689755297078 4.93232711308075
19 ZNF580 55564633 gene 19 38 0 0.0223444053909686 4.63594483213413
19 FIZ1 55376788 gene 19 38 0 0.106847111104851 18.9780131223586
19 ZFP28 56552547 gene 19 38 0 0.128462616895945 20.1016168241071
19 NAT14 55720236 gene 19 38 0 0.0277444398208063 6.62223534424301
19 ZNF444 56010250 gene 19 38 0 0.0280484238423255 6.78701736493808
19 RPL28 55470225 gene 19 38 0 0.0235575276386613 5.12841335592239
19 ZNF667 56535412 gene 19 38 0 0.245911008521255 26.406476344554
19 ZNF135 58061611 gene 19 39 0 0.259293995785282 18.0367166407522
19 ZNF549 57649666 gene 19 39 0 0.0818578980466587 9.13484031597327
19 ZNF417 57801823 gene 19 39 0 0.0499109406195561 4.64264292151414
19 ZNF419 57354163 gene 19 39 0 0.198616700220585 17.8155456478042
19 ZNF773 57530047 gene 19 39 0 0.0493753097085945 4.55732931277236
19 C19orf18 57814633 gene 19 39 0 0.0570449175906538 5.89262312024452
19 ZNF586 57799489 gene 19 39 0 0.0528907753340318 5.1663017451225
19 ZNF772 57617146 gene 19 39 0 0.0799623390746062 9.0653063964312
19 ZNF134 57796517 gene 19 39 0 0.0493241759294109 4.56338233898054
19 ZNF587B 57695380 gene 19 39 0 0.0578982927104382 5.93583121693667
20 C20orf96 275241 gene 20 1 0 0.221131685913463 15.9168176285378
20 SCRT2 915369 gene 20 2 0 0.0399192537731166 5.52099559988799
20 TMEM74B 1117104 gene 20 2 0 0.0417753855207498 5.91244542909131
20 PTPRA 2771962 gene 20 3 0 0.0973895618254437 9.6448500439969
20 DDRGK1 3207875 gene 20 3 0 0.0570722891772565 4.62913303334457
20 SLX4IP 10592838 gene 20 8 0 0.0745502562994751 7.31101626050465
20 MACROD2 14864691 gene 20 11 0 0.0645605486630332 9.4572307292596
20 KIF16B 16732499 gene 20 12 0 0.0484629705362901 5.88703590225925
20 SNX5 18012816 gene 20 13 0 0.0543359485770787 6.22465109540445
20 CFAP61 20050226 gene 20 14 0 0.0591404148274277 8.16997209963237
20 SLC24A3 19173111 gene 20 14 0 0.04214741289187 5.02786738533408
20 CST3 23640537 gene 20 17 0 0.0645575379033193 5.65138573898869
20 SYNDIG1 24497300 gene 20 17 0 0.132833255219145 12.4767191549382
20 ABHD12 25090307 gene 20 18 0 0.0719923245934507 4.69886184657499
20 EIF2S2 34322578 gene 20 21 0 0.0821580066976785 4.7350199076264
20 TRPC4AP 35145901 gene 20 21 0 0.177752469576383 15.4869734092507
20 IFT52 43864726 gene 20 27 0 0.0506579302820848 4.57626669030687
20 NCOA5 46073185 gene 20 28 0 0.0277418429297416 6.48594994131573
20 WFDC2 45325763 gene 20 28 0 0.0234455776236964 4.58693434328908
20 SLC13A3 46689047 gene 20 29 0 0.0715426829324193 9.55876426732794
20 PTGIS 49771530 gene 20 30 0 0.0454575347338093 5.70822510847645
20 RIPOR3 50937815 gene 20 31 0 0.0508166021835854 13.4220719245079
20 ATP9A 51403025 gene 20 31 0 0.020760840396561 5.28152227524188
20 PCK1 57452472 gene 20 33 0 0.0318282409162053 4.69118884956028
20 NELFCD 59000539 gene 20 34 0 0.0417809494853301 4.75429722804807
20 STX16 58641482 gene 20 34 0 0.139126869933234 16.0658808103445
20 TAF4 62102635 gene 20 36 0 0.129003590319314 15.3948224925272
20 CABLES2 62178334 gene 20 36 0 0.091239399942558 12.0972753224492
20 STMN3 63471382 gene 20 37 0 0.210264715460275 16.3829011256836
20 C20orf204 64226312 gene 20 38 0 0.0678713973104568 6.46522686214848
21 NRIP1 14803581 gene 21 2 0 0.0495864652366845 5.35869947549328
21 APP 25806299 gene 21 9 0 0.0754820090384623 5.14225838413224
21 RWDD2B 28984986 gene 21 11 0 0.184851943936692 17.8062058371086
21 IFNAR2 33230944 gene 21 14 0 0.103807445550169 10.8153416224104
21 IL10RB 33268483 gene 21 14 0 0.10544318642402 10.9639959044888
21 TMEM50B 33459715 gene 21 14 0 0.0851572004422252 8.94281310652261
21 SLC5A3 34077424 gene 21 15 0 0.305608028019891 17.0310300560722
21 MORC3 36478170 gene 21 16 0 0.0642372247276177 4.55822516226422
21 TTC3 37075084 gene 21 17 0 0.261451000664762 16.1291666117187
21 PIGP 37099663 gene 21 17 0 0.177700687161992 12.2504795496558
21 PSMG1 39282845 gene 21 19 0 0.0717833878393567 5.09916765480088
21 LCA5L 39387956 gene 21 19 0 0.13250649566058 11.2547790349411
21 FAM3B 41342361 gene 21 20 0 0.0762840131012689 12.3933380567708
21 UMODL1 42143760 gene 21 21 0 0.17506608097922 15.9588080481086
21 PDE9A 42467035 gene 21 21 0 0.0570803561693634 5.30270506988695
21 SUMO3 44699090 gene 21 22 0 0.1113084833115 9.68615050862734
21 TSPEAR 44725603 gene 21 22 0 0.13194159608831 11.3143821233483
21 CSTB 44024948 gene 21 22 0 0.0654847410218892 4.68690790252034
21 TRPM2 44438258 gene 21 22 0 0.0645157222010924 4.54773734398055
21 COL18A1 45422010 gene 21 23 0 0.0518096022316149 4.70245619326728
21 YBEY 46283064 gene 21 24 0 0.0627786465097378 4.82839544060984
21 LSS 46306418 gene 21 24 0 0.0700803669299208 5.85632405667621
22 HDHD5 17149596 gene 22 1 0 0.0962152158092677 8.18816429012249
22 ADA2 17200081 gene 22 2 0 0.0752776609430642 4.5461544879944
22 GP1BB 19645707 gene 22 3 0 0.0684011906068354 5.1023013805662
22 SCARF2 20298576 gene 22 4 0 0.0841417230827828 14.8160775111291
22 RTL10 19933614 gene 22 4 0 0.0325236975713342 6.1021267170625
22 SPECC1L 24221547 gene 22 6 0 0.15053860804052 10.5785378982035
22 SMARCB1 23919560 gene 22 6 0 0.0877532410526658 5.42248200436243
22 RGL4 23657131 gene 22 6 0 0.0927942646483561 5.94977257466241
22 HPS4 26484955 gene 22 8 0 0.0726878404607185 5.17604789169027
22 MN1 27545765 gene 22 9 0 0.0837648502683346 8.68718554095394
22 OSBP2 30673757 gene 22 10 0 0.305545272818917 24.4690212633744
22 RFPL2 32183755 gene 22 11 0 0.0846450010944583 5.7502299125778
22 LIMK2 31084209 gene 22 11 0 0.076399435992847 4.76643103782825
22 SELENOM 31079326 gene 22 11 0 0.0985540636206719 7.14184041121857
22 SYN3 33083944 gene 22 12 0 0.0650311983589123 9.9609022783092
22 SSTR3 37146691 gene 22 14 0 0.0584898982876949 5.82439839000923
22 FOXRED2 36483382 gene 22 14 0 0.101995840284471 11.0458706192457
22 FAM227A 38754445 gene 22 15 0 0.0495447067119701 5.60852328761732
22 JOSD1 38644728 gene 22 15 0 0.0457816567210135 5.10593388760914
22 C1QTNF6 37276407 gene 22 15 0 0.183009078102466 17.7803858862118
22 CYP2D6 42020052 gene 22 17 0 0.594965517198053 28.3154101780475
22 NAGA 41831146 gene 22 17 0 0.0175847285155537 16.8781024378299
22 TTLL1 43176587 gene 22 18 0 0.0815869333537991 8.85881822366529
22 A4GALT 42717787 gene 22 18 0 0.0563484746324031 5.30756893411662
22 PNPLA3 44023305 gene 22 19 0 0.0475993962149587 5.28008999190897
22 SULT4A1 43824497 gene 22 19 0 0.139596211442317 15.4175521951653
22 FAM118A 45317139 gene 22 20 0 0.0427955734641952 5.68551124769584
22 ATXN10 45462173 gene 22 20 0 0.0929641670034643 13.3053134767973
22 HDAC10 50499471 gene 22 24 0 0.032115648235108 5.09689474018965
22 DENND6B 50372410 gene 22 24 0 0.0405388438617504 7.28417870843567
22 ZBED4 49916267 gene 22 24 1 0.0585617576480834 19.8728447794555
2 FOXN2 48327816 gene 2 31 1 0.947560387837466 24.3474126987915
2 INPP5D 232887386 gene 2 137 0 0.057543341852627 10.1353896896475
2 NGEF 232925461 gene 2 137 2 0.862257578199466 30.0697193439599
3 SERPINI1 167631050 gene 3 103 1 0.941646693515665 20.7153866628286
5 ADAMTS2 179350634 gene 5 108 0 0.851860439218866 18.4959826807025
5 HNRNPH1 179607367 gene 5 108 0 0.130657409583151 14.3393606587421
5 RUFY1 179559977 gene 5 108 0 0.0544128723656985 6.33129580680949
6 TDRD6 46656919 gene 6 35 1 0.916619330281172 21.8328653236238
11 FZD4 87010478 gene 11 48 0 0.838059444148746 16.9219357342195
11 TMEM135 87287669 gene 11 48 0 0.0813937144107672 5.53451759034434
