chrom id pos type region_tag1 region_tag2 cs_index susie_pip mu2
1 ATAD3B 1576604 gene 1 1 0 0.11625352058919 11.8980395501656
1 ACAP3 1472983 gene 1 1 0 0.0594233407622768 5.88965395902733
1 MEGF6 3483730 gene 1 2 0 0.0279519334208094 4.66270163800118
1 CEP104 3865266 gene 1 3 0 0.175093682896041 14.4190183693502
1 C1orf174 3891798 gene 1 3 0 0.271119177964744 18.792109281794
1 RERE 8416565 gene 1 6 0 0.0446714491596638 7.03583911824252
1 PER3 7659126 gene 1 6 0 0.045158292711432 4.97923939464053
1 UTS2 7868292 gene 1 6 0 0.0608050977051563 7.79961691954221
1 C1orf127 10755645 gene 1 8 0 0.0603142610727808 5.66831827910387
1 FBXO2 11695990 gene 1 8 0 0.0661855489576025 6.52441961632076
1 CLCN6 11798900 gene 1 9 0 0.100646274231761 9.60688116984552
1 MTHFR 11790308 gene 1 9 0 0.216944292606001 16.9431936955112
1 KIAA2013 12052663 gene 1 9 0 0.131483296412952 12.1486638005213
1 FHAD1 15248505 gene 1 11 0 0.0652949662578922 10.952408852568
1 CASP9 15494112 gene 1 11 0 0.0475588673408921 8.02282592136304
1 CELA2B 15494112 gene 1 11 0 0.0475588673408921 8.02282592136304
1 FBXO42 16402442 gene 1 11 0 0.0347680166346344 5.14579959876421
1 SPEN 16168506 gene 1 11 0 0.0549469008108082 9.35478006789689
1 ECE1 21262110 gene 1 14 0 0.139960076528936 13.6845873383917
1 PINK1 20702154 gene 1 14 0 0.0676867698981004 6.83857291008133
1 KIF17 20717297 gene 1 14 0 0.378717096671255 23.771299638978
1 NBPF3 21450933 gene 1 15 0 0.068225078675928 5.56554825942405
1 IFNLR1 24192153 gene 1 17 0 0.0733644648877433 6.51566162083956
1 STMN1 26006534 gene 1 18 0 0.0725672786682274 5.54167000859832
1 DCDC2B 32264101 gene 1 21 0 0.0512424172159014 4.70112773202458
1 TMEM35B 35210163 gene 1 22 0 0.139036816540321 22.6397677776806
1 CDCA8 37772383 gene 1 23 0 0.129650879106451 12.7625150325686
1 BMP8A 39607957 gene 1 24 0 0.29482103235202 22.136989863731
1 SVBP 42830524 gene 1 26 0 0.079628465275588 6.97572820298549
1 TMEM269 42768930 gene 1 26 0 0.228014087866516 17.0904318587267
1 ST3GAL3 43721141 gene 1 27 0 0.0875736381376153 24.0010059018106
1 PIK3R3 46203604 gene 1 28 0 0.095075722941028 4.64182293370689
1 MKNK1 46622296 gene 1 29 0 0.0806174409647524 7.47590469070097
1 SPATA6 48091149 gene 1 30 0 0.0677076141962065 4.51941711500257
1 ECHDC2 52939641 gene 1 33 0 0.125768209136854 14.0256290183505
1 ACOT11 54769038 gene 1 34 0 0.051122805130993 8.87525410680313
1 PRKAA2 56673398 gene 1 36 0 0.0397761595398587 5.27044115342354
1 JUN 58907965 gene 1 37 0 0.0999594614512823 8.72186666858258
1 PATJ 61893999 gene 1 39 0 0.0567145817558066 5.14559089841952
1 ITGB3BP 63390980 gene 1 40 0 0.0822485053640992 8.30227001344893
1 LEPR 65413569 gene 1 41 0 0.031883916365008 4.86629592666671
1 LEPROT 65413569 gene 1 41 0 0.031883916365008 4.86629592666671
1 PDE4B 65608131 gene 1 41 0 0.0368389311506926 7.15167245554242
1 JAK1 65135516 gene 1 41 0 0.0330740709850735 5.09285246513687
1 LRRC40 70139284 gene 1 44 0 0.0698472364548293 7.72359999789894
1 LRRC7 70028686 gene 1 44 0 0.0626331878664027 7.37702261855283
1 NEGR1 72347446 gene 1 46 0 0.0555614385519675 13.1577296674449
1 FPGT 74024775 gene 1 47 0 0.0824216330244462 12.8045412714619
1 SLC44A5 75473113 gene 1 47 0 0.0552282638731963 9.08474062351502
1 ACADM 75540257 gene 1 47 0 0.0336013013458979 4.51598119836945
1 ST6GALNAC3 76637177 gene 1 48 0 0.0328609949555175 4.82613390489181
1 HFM1 91224622 gene 1 55 0 0.0382443858939872 7.70946128389747
1 CDC7 91502721 gene 1 56 0 0.0795567643872204 7.60379312196909
1 CDC14A 100364923 gene 1 62 0 0.0897893601804604 8.02146219529099
1 OLFM3 101959722 gene 1 63 0 0.0796355466019547 6.59261237438305
1 SLC25A24 108194680 gene 1 67 0 0.38079396227672 25.3701942751273
1 AMIGO1 109289405 gene 1 67 0 0.0444054022493218 4.95404640152286
1 WNT2B 112409197 gene 1 69 0 0.124920013908039 16.9292138462377
1 RAP1A 111684441 gene 1 69 0 0.126416911271271 17.0428550343971
1 PHTF1 113642968 gene 1 70 0 0.122707226345475 12.1722691059625
1 S100A10 151967380 gene 1 74 0 0.147277847609083 8.96867023633017
1 MEX3A 155833414 gene 1 76 0 0.0392162029666528 6.07637209574221
1 PMF1 156368727 gene 1 77 0 0.0650590411718389 5.40588837743471
1 KIRREL1 158008158 gene 1 77 0 0.0647011288239026 5.35470300834905
1 BCAN 156631109 gene 1 77 0 0.162068934781678 14.0350339980825
1 VANGL2 160175105 gene 1 79 0 0.0353207290594341 6.44896970523979
1 F11R 160974049 gene 1 79 0 0.0361766000190357 6.67524413941566
1 NDUFS2 161312086 gene 1 79 0 0.0406509262480291 7.70019894618432
1 PEX19 160406164 gene 1 79 0 0.205362897587437 24.059245508027
1 DUSP12 161709854 gene 1 79 0 0.0456882207953945 8.78311063119574
1 HSD17B7 162742614 gene 1 80 0 0.0204610917654362 4.58329978505117
1 MGST3 165630412 gene 1 81 0 0.281767161864076 20.6642512813811
1 ALDH9A1 165695645 gene 1 81 0 0.0876464085823832 9.29274095797924
1 KIFAP3 169788227 gene 1 83 0 0.0882324589259089 7.49619917376141
1 BLZF1 169159564 gene 1 83 0 0.0792783801922333 6.49506230045396
1 VAMP4 171680796 gene 1 84 0 0.0565758889645615 8.43087176211331
1 TDRD5 179593605 gene 1 89 0 0.0281083576011761 4.59679146856901
1 RNASEL 182590629 gene 1 90 0 0.0562920501581201 5.92881248621975
1 LAMC2 183149303 gene 1 91 0 0.0453074799056077 5.93386075381069
1 PDC 186660843 gene 1 92 0 0.065531515301433 8.1923093907348
1 RNF2 185218404 gene 1 92 0 0.0843230311356741 10.4827953136066
1 UCHL5 192821842 gene 1 96 0 0.0346374685795828 5.75140127320463
1 UBE2T 202216668 gene 1 102 0 0.0595695382809259 4.52838234338631
1 TMEM183A 203201609 gene 1 102 0 0.241823972704593 17.9337415222529
1 PPFIA4 203018878 gene 1 102 0 0.0878378723053106 8.14427110812867
1 TMCC2 205080272 gene 1 104 0 0.0706343326818318 9.25827859250158
1 TMEM81 205239462 gene 1 104 0 0.0424228547698794 4.54701183080601
1 PM20D1 205798757 gene 1 104 0 0.248805038458333 21.3689150766948
1 KCNH1 210908061 gene 1 107 0 0.0462419667791414 7.113342426032
1 RRP15 218342968 gene 1 110 0 0.0292886130310743 4.53685512269704
1 STUM 226522172 gene 1 115 0 0.0579559211887636 6.86468481766567
1 SRP9 225784949 gene 1 115 0 0.0459951182433033 4.75389956514987
1 COQ8A 226764614 gene 1 116 0 0.0678908773518149 8.40348416076586
1 RNF187 228738331 gene 1 116 0 0.0889056649890873 10.9200238019134
1 TSNAX 231420649 gene 1 118 0 0.0685782937003545 7.05782041981243
1 TTC13 231026783 gene 1 118 0 0.064216246575446 6.44745209898608
1 EGLN1 231539073 gene 1 118 0 0.0527296203174179 4.624132277572
1 NTPCR 232705849 gene 1 119 0 0.0562691613508848 5.64697719021031
1 B3GALNT2 235558528 gene 1 121 0 0.19423600484528 16.23126590048
1 HEATR1 236749715 gene 1 122 0 0.0504206023780898 4.55518650062593
1 GPR137B 236145243 gene 1 122 0 0.0609467638879746 6.30734117838631
1 EFCAB2 245052823 gene 1 129 0 0.0463826262830827 4.7832526581226
1 COX20 244826458 gene 1 129 0 0.0876516205721885 10.6484266056284
1 ZNF124 247123343 gene 1 130 0 0.0312022802351356 4.61566434054786
1 ZNF670 247020307 gene 1 130 0 0.031180176943463 4.60918254235644
1 OR2M3 247950134 gene 1 131 0 0.0463345216266201 4.65067344214647
1 OR2L3 247937246 gene 1 131 0 0.0538267383742812 6.03251541806384
1 OR2L2 247965627 gene 1 131 0 0.0601504160342279 7.05964183543218
1 OR2L13 247965627 gene 1 131 0 0.0601504160342279 7.05964183543219
1 OR2L5 247965627 gene 1 131 0 0.0601504160342279 7.05964183543218
2 TRAPPC12 3381054 gene 2 2 0 0.030958634421142 7.22154550381567
2 EIPR1 3277571 gene 2 2 0 0.0415203073842231 9.8558439445957
2 ALLC 3577209 gene 2 2 0 0.023997763183693 5.19498056362234
2 RNF144A 6996242 gene 2 5 0 0.0630700542163334 6.88867458923956
2 ADAM17 9555777 gene 2 6 0 0.0358588701176967 4.82942868263426
2 TAF1B 9843557 gene 2 6 0 0.0457231231830142 7.06100779860539
2 LPIN1 11797032 gene 2 7 0 0.063969730971928 12.1867263726839
2 SLC66A3 11422974 gene 2 7 0 0.0284337671951146 4.73050796636039
2 LRATD1 14616225 gene 2 9 0 0.0308883558362169 4.64770012319874
2 FAM228B 24090817 gene 2 14 0 0.0549009210493002 6.03768734065427
2 FAM228A 24409055 gene 2 14 0 0.207509304314495 18.6642756155374
2 NCOA1 24834394 gene 2 15 0 0.0526630564088857 5.85164615154576
2 KIF3C 25753328 gene 2 15 0 0.0714210961396911 8.67461485087319
2 CENPA 26691919 gene 2 16 0 0.245746275013523 19.8043526609482
2 ALK 29818800 gene 2 18 0 0.0544211676862469 4.61670469901672
2 LCLAT1 30441245 gene 2 19 0 0.114355090380248 7.80482818598441
2 GALNT14 31314927 gene 2 19 0 0.0806488219778978 4.51889196387646
2 LBH 30338362 gene 2 19 0 0.157027433267548 10.8419593419933
2 CDC42EP3 37754330 gene 2 23 0 0.0504163023127695 12.8951953726159
2 QPCT 37329123 gene 2 23 0 0.0355576125716171 12.0892001722409
2 HEATR5B 37204130 gene 2 23 0 0.0213067008341533 6.97524697563036
2 ATL2 38107984 gene 2 24 0 0.0679719212670974 5.24317149754214
2 THUMPD2 39727492 gene 2 25 0 0.247587321802917 20.0739244225144
2 EML4 42233023 gene 2 26 0 0.024028930116844 7.13611517417797
2 SLC8A1 40368735 gene 2 26 0 0.0347305090041544 10.7123861378966
2 PLEKHH2 43698932 gene 2 27 0 0.0897371583600011 5.09987078864237
2 EPCAM 47364630 gene 2 30 0 0.0371610964461824 4.54328122161835
2 MSH2 47542710 gene 2 30 0 0.192546349799101 18.895854189262
2 NRXN1 51065295 gene 2 33 0 0.0910684361182366 10.4578344151583
2 ACYP2 54073334 gene 2 35 1 0.489955561373498 23.6618742599863
2 PSME4 53934885 gene 2 35 0 0.0393466797182442 9.52069695575586
2 PEX13 60840151 gene 2 40 0 0.0288348307779539 5.94153696158398
2 C1D 67929921 gene 2 45 0 0.0914792106832632 7.22239480653857
2 PCYOX1 70276014 gene 2 46 0 0.083635954716191 5.21527900554916
2 GMCL1 69949750 gene 2 46 0 0.0927849266120467 6.18843909627459
2 MPHOSPH10 71131515 gene 2 47 0 0.022626150719777 4.93138321956866
2 SMYD5 73073533 gene 2 48 0 0.0283367384419555 4.53471688180836
2 HK2 75050734 gene 2 48 0 0.0283106316219671 4.52910151633923
2 ALMS1 73375138 gene 2 48 0 0.045387739269614 22.4350269973061
2 LRRTM4 77572826 gene 2 50 0 0.0398763325978416 4.99085571618157
2 POLR1A 86139449 gene 2 54 0 0.0432076963637102 4.64949317309745
2 RPIA 88752509 gene 2 55 0 0.0714178733798595 5.41021451574175
2 KRCC1 88067657 gene 2 55 0 0.0778397443458348 6.21252966956602
2 THNSL2 88179145 gene 2 55 0 0.0676142614915344 4.90138209630004
2 TSGA10 99208639 gene 2 58 0 0.0333002631453618 5.759352330313
2 REV1 99254907 gene 2 58 0 0.0337220700625205 5.92497451918731
2 INPP4A 98621329 gene 2 58 0 0.0912883754947939 14.9714849087861
2 CHST10 100523751 gene 2 58 0 0.0355645031996428 6.27085644590941
2 TMEM182 102968012 gene 2 60 0 0.0656379721152053 5.71246971807672
2 MRPS9 105138289 gene 2 62 0 0.0774793933023618 5.33626148262391
2 ST6GAL2 107007757 gene 2 64 0 0.0742083135743983 4.52825747403188
2 GCC2 108703050 gene 2 65 0 0.0471005944747126 4.84085139440274
2 TMEM177 119685438 gene 2 69 0 0.0327677076712075 10.438473384879
2 RALB 120321939 gene 2 69 0 0.151553339232209 24.7973672386427
2 C2orf76 119193046 gene 2 69 0 0.0175601801294389 4.62936182781898
2 HS6ST1 128489046 gene 2 75 0 0.070748746377565 4.70699820849396
2 MZT2A 131472459 gene 2 78 0 0.0813333926353895 4.91065363500742
2 THSD7B 136854659 gene 2 81 0 0.0550049728570365 4.61668903294886
2 LYPD6B 149332928 gene 2 88 0 0.018371412977219 6.20284138710071
2 ORC4 147822077 gene 2 88 0 0.0259738910512943 8.57747666838179
2 NEB 151610214 gene 2 90 0 0.0562483797339188 4.51617796114794
2 STAM2 152340474 gene 2 91 0 0.254140395854147 19.4532324591215
2 GALNT3 165864374 gene 2 100 0 0.148852918396284 15.0128633441973
2 TLK1 170888965 gene 2 104 0 0.0769907154512726 13.0217012505791
2 SCRN3 174456134 gene 2 105 0 0.0164078196941154 5.40644371794624
2 WIPF1 174680270 gene 2 105 0 0.0207255436149983 6.44802044552821
2 LNPK 175912579 gene 2 106 0 0.0474703064864026 7.0137774382799
2 SESTD1 179263852 gene 2 108 0 0.0272060138750267 7.4409809733565
2 TTC30B 177722249 gene 2 108 0 0.0223185497398513 5.63460104704221
2 PPP1R1C 181989819 gene 2 110 0 0.0760988533182578 10.3008285896674
2 ZSWIM2 186873608 gene 2 112 0 0.0157121014714622 5.97678149108319
2 INPP1 190336838 gene 2 113 0 0.0574719817492874 4.64820393720496
2 DNAH7 196031511 gene 2 116 0 0.615843027783943 19.7311521703074
2 ANKRD44 197281657 gene 2 117 0 0.0490074538468578 30.7463178807875
2 FLACC1 201139467 gene 2 119 0 0.0619772087096028 4.51567487632565
2 PPIL3 200819755 gene 2 119 0 0.0627927913958429 4.63684778836153
2 NDUFB3 200885129 gene 2 119 0 0.133228595097526 11.7068392600578
2 PARD3B 205747861 gene 2 121 0 0.0640627019834716 5.12423018194877
2 KLF7 207285775 gene 2 122 0 0.0331147169313535 10.0235743569203
2 PTH2R 208853920 gene 2 123 0 0.0895465342506243 6.36211149019729
2 VWC2L 214418535 gene 2 126 0 0.125161549764309 13.3688996082907
2 MREG 216001716 gene 2 127 0 0.0560735126661469 7.14432049677288
2 VIL1 218203392 gene 2 129 0 0.074332187959034 6.59184523632945
2 CNOT9 218787272 gene 2 129 0 0.0719302573866977 6.29567891987212
2 AP1S3 223783848 gene 2 131 0 0.0586774322728555 7.65897202633474
2 IRS1 226690818 gene 2 133 0 0.137557803219529 16.9289230174678
2 PRSS56 232634080 gene 2 136 0 0.0541861984631573 4.53275551110327
2 ARMC9 231272571 gene 2 136 0 0.0739519768078303 7.4166729268728
2 EIF4E2 232591552 gene 2 136 0 0.186303526363303 16.215185897966
2 COPS7B 231682296 gene 2 136 0 0.0567478839982271 4.95962412280324
2 RAMP1 237851475 gene 2 140 0 0.0732277870644705 4.82368526894053
2 SNED1 241021209 gene 2 143 0 0.0733263376912532 6.8842898850915
2 MTERF4 240984367 gene 2 143 0 0.197226453710349 16.3230831861419
2 FARP2 241450450 gene 2 144 0 0.40239284283574 24.6125610666975
3 ATP2B2 10227405 gene 3 8 0 0.0326904217541252 4.56885064403331
3 PRRT3 9980974 gene 3 8 0 0.101334580107096 15.0484373770287
3 MKRN2OS 12620871 gene 3 9 0 0.0636863871171811 10.617402136447
3 SYN2 12013207 gene 3 9 0 0.0617410392849376 10.4518415180197
3 RPL32 12899595 gene 3 9 0 0.055044595479761 9.17008732254811
3 ATG7 11504676 gene 3 9 0 0.0344861406964156 4.86282782882178
3 C3orf20 14686781 gene 3 10 0 0.0334180226874132 4.72386193529869
3 RPL15 23970221 gene 3 18 0 0.0159779975838595 5.66306587513955
3 RBMS3 29202350 gene 3 22 0 0.0359191541417844 13.8663791572192
3 STT3B 31533564 gene 3 23 0 0.03220713486741 8.18741881981248
3 GLB1 33060972 gene 3 24 0 0.163494117283962 13.2375006912569
3 CTDSPL 38113640 gene 3 27 0 0.0508139657165259 7.84622572240227
3 ACVR2B 38577821 gene 3 28 0 0.049530033052093 5.11082095893682
3 MYRIP 39825712 gene 3 28 0 0.0472318278982945 4.67311092858547
3 ENTPD3 40295180 gene 3 29 0 0.0668330471995927 6.76578099082685
3 ZBTB47 42408379 gene 3 30 0 0.138234649518096 10.4411181442822
3 CCDC13 42708954 gene 3 31 0 0.0265283647394651 6.65598328018388
3 ZNF502 44529948 gene 3 31 0 0.0273845961565626 6.53088744792823
3 LARS2 45380315 gene 3 32 0 0.0986819521404353 9.71155452216558
3 SACM1L 45629224 gene 3 32 0 0.114059900599085 12.7858583565635
3 SLC25A20 48794713 gene 3 34 1 0.314893817118123 18.7946344368641
3 PARP3 52011357 gene 3 36 0 0.0375773260228316 11.6185175721927
3 NISCH 52265505 gene 3 36 0 0.097672271219024 18.10042146211
3 CCDC66 56537403 gene 3 39 0 0.0583626097327396 7.1087147766595
3 ARHGEF3 57253922 gene 3 39 0 0.0883133421342649 10.9804241053443
3 FHIT 60201481 gene 3 40 0 0.0387622069085826 9.98560100937393
3 ABHD6 58243926 gene 3 40 0 0.0546992386608871 13.0902259722715
3 CADPS 62587763 gene 3 42 0 0.109972234500464 13.8397371647549
3 PRICKLE2 64459687 gene 3 43 0 0.0267173125304864 4.74662924899601
3 TAFA1 68679670 gene 3 46 0 0.066429966039537 4.78797853686167
3 TMF1 68983333 gene 3 46 0 0.0716019689793965 5.48488679822406
3 FRMD4B 69509870 gene 3 47 0 0.129812783267433 16.7685288174576
3 PPP4R2 72845599 gene 3 49 0 0.0350391395240768 4.51705318200054
3 CGGBP1 87857556 gene 3 58 0 0.085518881973472 6.9920324468873
3 DHFR2 94124839 gene 3 59 0 0.0844524827502754 10.5906746512787
3 DCBLD2 98770786 gene 3 62 0 0.0996639122629844 6.362121137571
3 CPOX 98770786 gene 3 62 0 0.0996639122629844 6.362121137571
3 BBX 107457531 gene 3 67 0 0.0177714339925809 5.33588397851419
3 SLC9C1 112284227 gene 3 69 0 0.0465819495314801 4.53174930254427
3 GRAMD1C 113829383 gene 3 70 0 0.0774948290605977 4.61975308528229
3 SEC22A 123300572 gene 3 76 0 0.0842777991146341 6.31189517124998
3 ITGB5 125012845 gene 3 77 0 0.0382383002466979 4.56134941791295
3 UMPS 124974690 gene 3 77 0 0.0462012684320223 6.35882389609351
3 KALRN 124330904 gene 3 77 0 0.751861621501243 19.0481143491822
3 SLC41A3 126049725 gene 3 78 0 0.0643655760395586 4.69812066762057
3 CFAP100 126680316 gene 3 79 0 0.146314390325225 18.4484218436347
3 EEFSEC 128089659 gene 3 79 1 0.20079560519589 20.8658094786674
3 RPN1 128575512 gene 3 80 0 0.0865854020598804 9.99091283378296
3 RAB7A 128856660 gene 3 80 0 0.0575668667229942 6.09637012708351
3 KY 134828973 gene 3 83 0 0.0973432694863311 12.2140486696148
3 RBP1 139538761 gene 3 85 0 0.0639223661701489 7.381614930245
3 CLSTN2 140436848 gene 3 86 0 0.0700419958704149 4.61716243227016
3 PLS1 142656975 gene 3 87 0 0.0596767839199919 9.07000083474424
3 DIPK2A 143898484 gene 3 88 0 0.117407750419453 7.84992637692514
3 GFM1 158644799 gene 3 98 0 0.0748250716720414 7.36050363449663
3 SPTSSB 161381605 gene 3 99 0 0.235760793297045 23.189140936882
3 PLD1 171788584 gene 3 105 0 0.0866482985139719 6.36929687378788
3 MFN1 179433068 gene 3 110 0 0.078048820469384 4.98089030736421
3 MRPL47 179658854 gene 3 111 0 0.0284504578629364 7.20591726457316
3 PEX5L 179710642 gene 3 111 0 0.0258399916048439 6.39009200286991
3 ATP11B 182597087 gene 3 112 0 0.061625214779342 9.40637948158234
3 VWA5B2 184221069 gene 3 113 0 0.0627070256829887 5.1301977028028
3 CAMK2N2 184234985 gene 3 113 0 0.060550434826776 4.81606863667569
3 CRYGS 186504082 gene 3 114 0 0.0499454544473829 5.90461637258309
3 ATP13A4 193676782 gene 3 118 0 0.0727861699843553 9.48877557804225
3 HES1 194223387 gene 3 118 0 0.120034554280572 14.1918654403493
3 RNF168 196465973 gene 3 121 0 0.0300572153792894 4.63487180018409
3 PIGX 196804773 gene 3 121 0 0.0353911937605601 6.26045086938291
4 ZNF718 122443 gene 4 1 0 0.121401220635075 13.4748622625745
4 ATP5ME 894573 gene 4 2 0 0.0713279970746141 10.053193284273
4 UVSSA 1168906 gene 4 2 0 0.0444986225747827 5.40154760079231
4 ADD1 2615751 gene 4 3 0 0.0987780359788563 7.66745889972856
4 NSG1 4545196 gene 4 5 0 0.0973831832916191 9.31293637565168
4 ZBTB49 4272787 gene 4 5 0 0.0707069768530959 5.08140080375681
4 MSX1 4853353 gene 4 6 0 0.0670121677579314 4.546661126751
4 KIAA0232 6795429 gene 4 8 0 0.0596688196188326 4.84672488322227
4 GRPEL1 7062802 gene 4 8 0 0.0730618529101875 6.72677759091043
4 ABLIM2 8214664 gene 4 10 0 0.0657499465980038 4.52933868089754
4 SLC2A9 10019666 gene 4 11 0 0.065173284916115 4.52560912021627
4 C1QTNF7 15564135 gene 4 15 0 0.0615738920242794 4.58002541295476
4 FAM184B 17616426 gene 4 17 0 0.0753791913893281 8.18109531548189
4 PPARGC1A 23772943 gene 4 20 0 0.340294442936721 24.0978947636227
4 TBC1D19 26778960 gene 4 22 0 0.34370872823628 26.2062320473655
4 SMIM20 25911960 gene 4 22 0 0.0755990852828292 11.3613113607542
4 PCDH7 30750565 gene 4 26 0 0.0397566978255711 5.75067060542021
4 C4orf19 37547706 gene 4 31 0 0.0382585854872159 4.71476854466571
4 RELL1 37520538 gene 4 31 0 0.0414559087983487 5.45157713589742
4 UGDH 39513502 gene 4 32 0 0.0788119556252026 4.67810701591238
4 ATP8A1 42640909 gene 4 34 0 0.119266730793951 13.4545095285081
4 SGCB 51969213 gene 4 38 0 0.082567574543598 8.4006206239834
4 SLC10A4 48569347 gene 4 38 0 0.0531011293545914 8.45857019171236
4 PPAT 56328163 gene 4 41 0 0.0275736465090711 4.70985426889051
4 NMU 55743036 gene 4 41 0 0.0336631310194022 6.53453026274334
4 TMPRSS11A 67668674 gene 4 47 0 0.124251622708087 11.1328593896713
4 TMPRSS11D 67714206 gene 4 47 0 0.115884718165814 10.4697879941722
4 MTHFD2L 74286262 gene 4 51 0 0.0360152756322334 4.71290153292452
4 G3BP2 75631951 gene 4 51 0 0.0366615023467413 4.87592064607188
4 AFF1 87053263 gene 4 59 0 0.086028089243725 9.64695689835672
4 FAM13A 89061004 gene 4 60 0 0.0898316888598745 6.53810827620317
4 SMARCAD1 94228168 gene 4 63 0 0.13847526070548 15.9121992735998
4 UNC5C 95533055 gene 4 64 0 0.0564723272916737 4.89263812451778
4 ADH4 99079760 gene 4 66 0 0.0829559062028567 6.20168603875458
4 ENPEP 110209964 gene 4 71 0 0.0383467476456387 7.01556823873057
4 NDST4 115034224 gene 4 74 0 0.0838902878553115 6.33968139862939
4 PCDH18 137450958 gene 4 90 0 0.0710941925409696 10.7130647000942
4 SLC7A11 138373836 gene 4 91 0 0.163515902984916 13.8609909563432
4 LSM6 146177572 gene 4 95 0 0.0446298056509856 4.51614004609941
4 NR3C2 148430967 gene 4 96 0 0.10667544613257 13.2797165286636
4 FHDC1 152840876 gene 4 98 0 0.0570724758228018 5.84747199314329
4 ETFDH 158680524 gene 4 102 0 0.044038000297097 4.76878250838329
4 PALLD 168407138 gene 4 109 0 0.21275626335036 25.1388797715696
4 HPF1 169757842 gene 4 110 0 0.0647655760884405 6.77805848265015
4 GALNT7 172993103 gene 4 112 0 0.104699218731872 7.30766764545105
4 WDR17 175913005 gene 4 114 0 0.0225786921487864 5.92548792895748
4 CASP3 184380916 gene 4 119 0 0.0317770039840851 4.72188100861748
4 CENPU 184890735 gene 4 119 0 0.0314040094657073 4.61386441825782
4 PRIMPOL 184888335 gene 4 119 0 0.0353006606851581 5.6846810692837
4 FAT1 186597826 gene 4 120 0 0.0811041097787573 10.1526182740844
4 FAM149A 186177889 gene 4 120 0 0.0476971283845333 5.27758292435572
4 CYP4V2 186191475 gene 4 120 0 0.0439840393323931 4.5332626033168
5 ZDHHC11 732363 gene 5 1 0 0.0937337367490282 5.85294188191212
5 PLEKHG4B 176636 gene 5 1 0 0.0821555635369756 4.61720257903039
5 NSUN2 6609026 gene 5 6 0 0.349637298054526 23.5704465239863
5 CCT5 10310685 gene 5 9 0 0.0603523003274621 4.85125815647597
5 DNAH5 14118101 gene 5 11 0 0.0587542773452704 4.55208291259812
5 OTULIN 14415481 gene 5 11 0 0.197086756545521 16.040461985918
5 RETREG1 16820396 gene 5 12 0 0.0499238749281408 5.9296580671131
5 LMBRD2 36049946 gene 5 24 0 0.0631381507749431 4.77955635925096
5 DAB2 39424526 gene 5 26 0 0.136154081865575 11.8032698228206
5 GHR 42691626 gene 5 28 0 0.0584123730209183 4.58306428427791
5 EMB 50175663 gene 5 29 0 0.118664937095073 21.1953373383135
5 ANKRD55 56211219 gene 5 33 0 0.0849754271266383 5.70522667403728
5 NDUFAF2 60933439 gene 5 36 0 0.0302003402803257 8.02964343356564
5 DEPDC1B 60708633 gene 5 36 0 0.0338865932107515 9.44036171220307
5 ARHGEF28 73915156 gene 5 43 0 0.0381347489175206 4.80877652837604
5 POLK 75486586 gene 5 44 0 0.063304280584606 6.39797591917071
5 TBCA 77758979 gene 5 45 0 0.0756287061792822 11.415062729622
5 MSH3 80617456 gene 5 47 0 0.0761842321905269 4.61571923611181
5 RPS23 82274575 gene 5 48 0 0.11318923232521 8.03332736632708
5 FAM172A 94172242 gene 5 55 0 0.0745215135597446 9.93136815308354
5 PCSK1 96507283 gene 5 56 0 0.0549493236255645 4.52820955356453
5 RFESD 95793352 gene 5 56 0 0.0566812821220156 4.81502558945585
5 KIAA0825 94638571 gene 5 56 0 0.0549075064755356 4.5211758946725
5 RIOK2 97143546 gene 5 57 0 0.055270606420207 4.91772149201615
5 ST8SIA4 100932089 gene 5 59 0 0.0449500002273205 4.5802601673325
5 NUDT12 103536851 gene 5 60 0 0.0868339560263424 10.1948444495916
5 SRP19 112931398 gene 5 67 0 0.0786787430064961 8.65367904362444
5 YTHDC2 113615108 gene 5 67 0 0.0521759627128504 4.8430469982353
5 ATG12 115799096 gene 5 69 0 0.0803407875053117 7.51419734899243
5 HSD17B4 119455473 gene 5 72 0 0.054012178254917 8.33399342999201
5 SNCAIP 122308357 gene 5 74 0 0.260314654068204 22.7369898371674
5 C5orf63 126866513 gene 5 77 0 0.0787385400001215 11.0316397774234
5 FBN2 128906683 gene 5 78 0 0.0659504686552382 6.75025633983342
5 MEIKIN 131695268 gene 5 79 0 0.0618292507301295 4.77424833538176
5 TXNDC15 134980163 gene 5 80 0 0.0405997499382326 5.02692897567902
5 PCBD2 135126556 gene 5 80 0 0.0730778456124402 10.4581644208039
5 SHROOM1 132979078 gene 5 80 0 0.0425358393116198 5.45488974553451
5 PKD2L2 138040341 gene 5 82 0 0.0156372964269776 5.23087939424828
5 SRA1 140411921 gene 5 83 0 0.0723773083990313 19.4416279913409
5 PCDHB7 141265389 gene 5 83 0 0.055789076183103 11.9989891414673
5 PCDHGA7 141501146 gene 5 84 0 0.0810101745400906 13.280365777492
5 NR3C1 143041450 gene 5 84 0 0.0384531927451619 6.38930247905577
5 GNPDA1 142231170 gene 5 84 0 0.0696097723191592 11.8667498161993
5 ARHGEF37 149645293 gene 5 88 0 0.0495161776307249 4.77003121343052
5 ADAM19 157469146 gene 5 93 0 0.108841352264313 14.9850902305214
5 UBLCP1 159232699 gene 5 93 0 0.0758247782064862 11.5919038579107
5 ATP6V0E1 172968405 gene 5 103 0 0.052045430866036 6.4444128940372
5 NSG2 174090801 gene 5 104 0 0.0642665845256895 4.94206396259246
5 CPLX2 175815951 gene 5 105 0 0.0520288958279966 8.68591434401177
5 TSPAN17 176811794 gene 5 106 0 0.054663288695606 4.51832323488355
5 FAM193B 177455582 gene 5 106 0 0.0654896281030229 6.19137660922776
5 TMED9 177677662 gene 5 106 0 0.0872654066730683 8.86776422929868
5 FAM153A 177687331 gene 5 106 0 0.0548104106517451 4.54315006921578
5 ZNF354A 178726728 gene 5 107 0 0.0780736506993273 5.41939294296807
5 N4BP3 178309983 gene 5 107 0 0.125015784351204 9.85596336622268
5 ADAMTS2 179242152 gene 5 108 0 0.0507552087667981 4.97193829084555
5 RUFY1 179533063 gene 5 108 0 0.118638958269607 12.9032857032985
5 ZNF354C 179189134 gene 5 108 0 0.0575142886446685 6.12655292414003
5 GFPT2 180327657 gene 5 109 0 0.139421287130985 11.0916070744231
5 BTNL9 181184053 gene 5 110 0 0.0502691885926214 4.86282889043696
6 SERPINB9 2913209 gene 6 3 0 0.0728645971197255 5.10096079194724
6 SERPINB6 2970334 gene 6 3 0 0.0894465802574246 7.01685171201125
6 ECI2 4112813 gene 6 4 0 0.202439790718774 16.7451330873355
6 FARS2 5230622 gene 6 5 0 0.0585809188394318 4.51567542378306
6 SYCP2L 10817272 gene 6 10 0 0.0963109061038794 8.28515408142321
6 HIVEP1 12307032 gene 6 11 0 0.0670119738300263 6.58940859481166
6 CD83 14118767 gene 6 12 0 0.0528184744137502 6.42795912496843
6 CDKAL1 20540949 gene 6 15 0 0.0212356800856215 4.5951207157384
6 KIAA0319 24789575 gene 6 18 0 0.433066078295377 23.9160289556138
6 ZNF322 26525811 gene 6 20 0 0.0505541613429156 18.0063936048354
6 ZNF391 27520644 gene 6 21 0 0.0381569867997357 8.4269688999267
6 ZSCAN26 28230503 gene 6 22 0 0.0804194844513959 43.4741721083158
6 IER3 30798434 gene 6 24 0 0.0173343511116003 44.4961814518596
6 HLA-A 29949896 gene 6 24 0 0.017201598640192 19.1252694989845
6 TRIM26 30237866 gene 6 24 0 0.0197254514450018 17.0105412316886
6 BAG6 31475546 gene 6 25 0 0.0191847599700908 6.2005314903397
6 CCHCR1 30991224 gene 6 25 0 0.0283220826539267 11.1395384621843
6 C6orf47 31468862 gene 6 25 0 0.039308341447046 10.1954667462545
6 DDR1 30898565 gene 6 25 0 0.0383226617679701 17.7016573156579
6 HLA-B 31127517 gene 6 25 0 0.0197178255980123 12.9210230437263
6 HLA-C 31178143 gene 6 25 0 0.0237221322884987 16.627073535368
6 LY6G5C 31661319 gene 6 26 0 9.39627351012051e-05 12.0159808864101
6 TAP2 32817738 gene 6 27 0 0.0451596423479084 7.46651324520885
6 HLA-DMA 32936262 gene 6 27 1 0.769052136403846 67.8342161941584
6 RNF8 37381290 gene 6 29 0 0.192188823523401 20.3157930066234
6 C6orf89 37007017 gene 6 29 0 0.0364567090708556 5.15423927638833
6 SAYSD1 39050308 gene 6 30 0 0.0419841225519586 4.75794937756783
6 MOCS1 39924349 gene 6 31 0 0.0808060321529827 5.70895033010885
6 KIF6 39731351 gene 6 31 0 0.291015952084507 18.1789892962445
6 DNPH1 43259403 gene 6 33 0 0.0394262573800782 13.7406905241822
6 PRPH2 42710611 gene 6 33 0 0.125030838589351 16.0486493201762
6 PEX6 42871324 gene 6 33 0 0.0630122565866015 9.63687857059099
6 SUPT3H 45061861 gene 6 34 0 0.0560764114271376 4.59152606120728
6 CD2AP 47621897 gene 6 36 0 0.144699610807998 9.65005669325485
6 BEND6 56947412 gene 6 42 0 0.192398556969925 15.9409542950032
6 KHDRBS2 61914061 gene 6 44 0 0.122012915035517 8.54997968820736
6 SMAP1 70662964 gene 6 49 0 0.0356844931218552 10.8454430859152
6 ELOVL4 79895976 gene 6 54 0 0.0607467460064329 7.22125155246771
6 LCA5 79426114 gene 6 54 0 0.132632646005745 14.5552649135562
6 SH3BGRL2 79426114 gene 6 54 0 0.132632646005745 14.5552649135562
6 IBTK 82461180 gene 6 57 0 0.0261911963094472 6.8168008119492
6 SLC35A1 87473929 gene 6 59 0 0.0593630124199396 7.03500521353855
6 SMIM8 87488210 gene 6 59 0 0.0574499448956675 6.69836911403637
6 KLHL32 96915908 gene 6 66 0 0.0587763887680134 5.40736206231086
6 OSTM1 108141650 gene 6 72 0 0.0762057697168626 9.22669306442721
6 ARMC2 108938211 gene 6 73 0 0.0381106573729079 11.1271488595971
6 AK9 109778790 gene 6 73 0 0.0477055802638856 12.551116204172
6 CD164 109331614 gene 6 73 0 0.10156860497955 18.3675869449654
6 TRAF3IP2 111652061 gene 6 74 0 0.0392478933612885 5.47363013577883
6 SLC16A10 111074422 gene 6 74 0 0.0359745984998698 6.98541906102093
6 CDK19 110701542 gene 6 74 0 0.0356437983907812 4.77722751074555
6 NT5DC1 115996281 gene 6 77 0 0.082546134712933 5.65101682019373
6 SAMD3 130346772 gene 6 86 0 0.0650643256454032 8.0799590319547
6 TBPL1 134118626 gene 6 89 0 0.0595470269431062 4.5198872642424
6 ALDH8A1 134935618 gene 6 89 0 0.134545617835433 12.175592278924
6 GRM1 145886329 gene 6 95 0 0.0809605467746179 4.55306139622141
6 SAMD5 147888568 gene 6 96 0 0.0661024503130905 12.7584796032134
6 STXBP5 147253056 gene 6 96 0 0.0281268149367804 4.99230278950812
6 LRP11 149867654 gene 6 97 0 0.0909356494379929 4.66529993724687
6 AKAP12 151230175 gene 6 98 0 0.108539987656395 14.3483655683667
6 WTAP 159803314 gene 6 103 0 0.0639612321285487 11.085312038589
6 IGF2R 160147965 gene 6 103 0 0.040731680224047 6.92216700598572
6 EZR 158840723 gene 6 103 0 0.0623038005312544 10.84192519801
6 SYNJ2 158027527 gene 6 103 0 0.181091600246496 20.9545092399545
6 TBP 170481732 gene 6 112 0 0.120255915015826 13.0032436184081
6 FAM120B 170306290 gene 6 112 0 0.172864817927607 16.4937168419331
7 SUN1 885395 gene 7 1 0 0.248028439926779 19.9465501508424
7 SNX8 2372397 gene 7 4 0 0.0689019858858994 18.151727056284
7 EIF3B 2384251 gene 7 4 0 0.0400027286009937 13.7153218904714
7 CCZ1 6122669 gene 7 8 0 0.0917784510866503 12.3152654354759
7 C1GALT1 7201668 gene 7 9 0 0.0821817178314337 8.38403377391997
7 AGMO 15439330 gene 7 16 0 0.0619306051873666 8.13251559100444
7 SP4 21357787 gene 7 19 0 0.0191980053133456 5.31327518620092
7 KLHL7 23269287 gene 7 20 0 0.0723597029417686 6.77611589965034
7 STK31 23708325 gene 7 21 0 0.0240896329004934 7.3126309594267
7 JAZF1 28033577 gene 7 23 0 0.0395455784642759 4.51585669851488
7 MTURN 30152172 gene 7 24 0 0.0292479207540588 6.95232040704473
7 CPVL 28911276 gene 7 24 0 0.0225780178895233 4.59012079368098
7 ADCYAP1R1 31060189 gene 7 24 0 0.0498995216165864 11.8539368933323
7 SCRN1 30137073 gene 7 24 0 0.0407345516348066 9.98680700400541
7 BBS9 33129275 gene 7 25 0 0.036058090982381 7.52329662847696
7 SEPTIN7 35720619 gene 7 26 0 0.0899079852485197 15.4941768247484
7 VPS41 38506650 gene 7 28 0 0.0627619100240383 6.98359864204249
7 EPDR1 37895071 gene 7 28 0 0.0518987757375641 5.22603298199788
7 NUDCD3 44520204 gene 7 32 0 0.0739200230263036 7.44810794283687
7 CCM2 44983501 gene 7 33 0 0.0587704288803167 6.61818880063239
7 ABCA13 48254732 gene 7 35 0 0.0387195535974819 5.67935832808693
7 CHCHD2 55887212 gene 7 40 0 0.0686612977082914 6.27689270280197
7 ZNF713 56128940 gene 7 40 0 0.0797713190142368 7.67409182011208
7 ZNF107 64665954 gene 7 43 0 0.289647311493686 20.0307790060159
7 ZNF273 64836625 gene 7 43 0 0.0771935459041729 7.18348191519789
7 RABGEF1 66444927 gene 7 44 0 0.0262826157922353 10.3800632195366
7 KCTD7 66424759 gene 7 44 0 0.0163888998397582 6.32366602311877
7 GALNT17 71117187 gene 7 46 0 0.0190166755903022 9.49461136335012
7 RHBDD2 75688265 gene 7 48 0 0.0464709904195955 4.53459540352159
7 GTF2IRD2 74878823 gene 7 48 0 0.186624386917807 17.6499468963562
7 HIP1 75685878 gene 7 48 0 0.0465204040532553 4.54437891450441
7 CD36 80646139 gene 7 51 0 0.0674095357082233 8.85767773219737
7 SEMA3D 85186379 gene 7 53 0 0.0831537020316614 6.63325590206458
7 GRM3 87111347 gene 7 54 0 0.0118475011866115 4.78763165215157
7 STEAP2 90334151 gene 7 55 0 0.0501076489920852 11.3944168378798
7 BAIAP2L1 98235086 gene 7 60 0 0.179973391105251 17.02192993074
7 PILRA 100509876 gene 7 61 0 0.0864283959482314 6.50678520643097
7 COPS6 100245886 gene 7 61 0 0.204059455207292 14.7476143560852
7 ZSCAN21 100036110 gene 7 61 0 0.0852850238151916 6.38207460092587
7 PILRB 100393925 gene 7 61 0 0.107828710093864 8.58864094670497
7 NAT16 101279665 gene 7 62 0 0.0569838503372273 11.014713796437
7 LRWD1 102470736 gene 7 63 0 0.0634887487521504 5.12250328066205
7 COG5 107146105 gene 7 66 0 0.0972366301544483 10.0238626806924
7 PRKAR2B 107143764 gene 7 66 0 0.0549897920812741 4.71340878122965
7 LSMEM1 112504066 gene 7 68 0 0.0299592050196604 9.10521343257565
7 TES 116191853 gene 7 70 0 0.0303446045786248 5.46264446089022
7 CADPS2 122310219 gene 7 74 0 0.250499601731588 23.3615690870851
7 GRM8 127204685 gene 7 77 0 0.138660839274353 15.299682089738
7 KLHDC10 130111022 gene 7 79 0 0.358301801928151 21.803054531491
7 TMEM209 130173062 gene 7 79 0 0.0701713604916129 5.81051551059935
7 CHCHD3 133081824 gene 7 80 0 0.0290249935412316 7.65309146583919
7 LRGUK 134063482 gene 7 81 0 0.252008530660402 18.4879371754209
7 EXOC4 134175315 gene 7 81 0 0.0801472997485203 8.76648198844854
7 SLC13A4 135608380 gene 7 82 0 0.249544605399156 19.6127443071298
7 MGAM 142190946 gene 7 88 0 0.0679033534246779 4.71413973893226
7 CNTNAP2 147605490 gene 7 91 0 0.0447777739492788 4.52604035498252
7 ZNF398 149294041 gene 7 92 0 0.038211449339552 4.92197338821814
7 ZNF786 149083978 gene 7 92 0 0.0724757918587493 10.8325905337362
7 ATP6V0E2 149862983 gene 7 92 0 0.0380729561476536 4.88866320585835
7 ZNF783 149155360 gene 7 92 0 0.0495228720837545 7.30615114882318
7 LRRC61 150338437 gene 7 93 0 0.0769407828390053 5.71913660844187
7 ASIC3 150904397 gene 7 93 0 0.145777780956044 11.7639149260859
7 PRKAG2 151884256 gene 7 94 0 0.0658524676353915 4.96380867732118
7 WDR86 151410720 gene 7 94 0 0.139632937321091 12.0424981290657
7 XRCC2 152865259 gene 7 95 0 0.0503147764531265 6.17597863814898
7 LMBR1 156904717 gene 7 98 0 0.0570803918694995 6.89926854167482
8 FBXO25 298265 gene 8 1 0 0.0591327646733681 5.5242457196272
8 ERICH1 656117 gene 8 1 0 0.0769094680742715 8.14163533958774
8 MYOM2 2133051 gene 8 4 0 0.352785476355773 23.2038783383327
8 ANGPT2 6753178 gene 8 10 0 0.0623551101467117 4.72564128346339
8 MCPH1 6394524 gene 8 10 0 0.0683266055103706 5.57435769208645
8 AGPAT5 6711741 gene 8 10 0 0.0965878673357231 8.80995033130916
8 PINX1 10600771 gene 8 13 0 0.0633765795039527 6.95645557055592
8 MTMR7 17284556 gene 8 18 0 0.0377799834148177 10.5598891135476
8 PCM1 17936129 gene 8 19 0 0.0755947537796736 5.25341060553935
8 ASAH1 18057410 gene 8 20 0 0.0335713793718063 8.29277383834335
8 CSGALNACT1 19844490 gene 8 21 0 0.0685149993334303 5.86214858784284
8 LZTS1 20280966 gene 8 22 0 0.0448425262415351 7.82519376848327
8 CCAR2 22532387 gene 8 23 0 0.337470324456434 19.5780638882287
8 PIWIL2 22277313 gene 8 23 0 0.0875170480552575 6.29546655781612
8 DPYSL2 26657942 gene 8 26 0 0.0634788521894658 6.88865986030825
8 CCDC25 27760461 gene 8 27 0 0.105041004293612 15.9897632093294
8 ELP3 28105695 gene 8 27 0 0.049835623595239 8.95354879476528
8 GPAT4 41748119 gene 8 36 0 0.0571150871609047 4.598756316437
8 KAT6A 41830310 gene 8 36 0 0.165835458494706 14.6573507125959
8 RNF170 42658031 gene 8 37 0 0.0473719209322274 4.59984648323825
8 SNTG1 50324716 gene 8 40 0 0.0346120652746459 8.89425631426704
8 PREX2 68253007 gene 8 50 0 0.0251162789846127 5.17110079296102
8 XKR9 70926929 gene 8 52 0 0.117897577005462 8.11820212891762
8 C8orf89 73277063 gene 8 54 0 0.242870650816311 18.9642203063758
8 GDAP1 74444253 gene 8 54 0 0.0758022111220106 7.75396858459665
8 ZFAND1 81713145 gene 8 58 0 0.0484713245098984 4.58750270809045
8 SNX16 81796584 gene 8 59 0 0.131971891358432 11.0664969299858
8 CA1 85227767 gene 8 61 0 0.0756848419865421 5.3365568908663
8 LRRC69 91116612 gene 8 64 0 0.0714495071102378 10.4305601798021
8 DECR1 90189168 gene 8 64 0 0.104088673757503 13.9555540158502
8 CPQ 96881200 gene 8 67 0 0.0350365492957795 4.5457311049465
8 SLC25A32 103354740 gene 8 70 0 0.0985458882774474 8.09101959774944
8 FZD6 103341105 gene 8 70 0 0.200766663757037 14.9384530845227
8 TRPS1 115619051 gene 8 78 0 0.0712473735652125 20.5295998936861
8 UTP23 116778667 gene 8 78 0 0.0466979748193696 15.4279103643571
8 NDUFB9 124686221 gene 8 82 0 0.0687478377036243 4.85803054829213
8 TG 132671377 gene 8 87 0 0.0621755361888059 5.03002040959551
8 SLC45A4 141283698 gene 8 92 0 0.0458315385186784 6.58469855610265
8 THEM6 142718039 gene 8 93 0 0.0472970780244634 11.5809146630578
8 ZNF34 144907619 gene 8 94 0 0.128002789917317 15.0060759586481
8 ZC3H3 143557784 gene 8 94 0 0.0681459165487552 12.4887849218168
9 KANK1 574663 gene 9 1 0 0.0700269960131116 4.64273431885575
9 PUM3 2791926 gene 9 3 0 0.0691887003745245 6.24940934118856
9 GLIS3 3594871 gene 9 4 0 0.0504329037826385 6.69538320903263
9 RFX3 3278237 gene 9 4 0 0.0487064389606308 7.37752053148062
9 AK3 4731791 gene 9 5 0 0.0609796520667683 5.12150209648658
9 SPATA6L 4643653 gene 9 5 0 0.0717685588980818 6.63393562271165
9 KDM4C 7114792 gene 9 7 0 0.0524898823227757 5.63817670513342
9 CCDC171 15734516 gene 9 13 0 0.0616487970870994 8.38036126931203
9 SH3GL2 17572071 gene 9 14 0 0.0358663054687139 4.54393665980717
9 C9orf72 27545080 gene 9 20 0 0.402012835498428 33.9962970102174
9 TEK 27292908 gene 9 20 0 0.0213256546017742 5.80168208375823
9 B4GALT1 33104526 gene 9 25 0 0.02939062775233 5.06872948064493
9 DNAJA1 33098774 gene 9 25 0 0.294234575891922 16.260707553448
9 ANKRD18B 33481747 gene 9 25 0 0.0308612156361057 4.99041618242191
9 MYORG 34195585 gene 9 26 0 0.118374787455259 11.926190842975
9 PAX5 36974538 gene 9 28 0 0.0994140289074057 16.2840319251863
9 ZCCHC7 37162285 gene 9 28 0 0.329789403584023 20.842116818441
9 PTAR1 69702102 gene 9 30 0 0.0929482862002383 9.74485182562284
9 PIP5K1B 68994950 gene 9 30 0 0.114206725373826 11.7883671998637
9 CEMIP2 71762489 gene 9 33 0 0.100279459427278 9.16716837079575
9 NMRK1 75069774 gene 9 35 0 0.0233673923742215 4.73468490718993
9 GCNT1 76888070 gene 9 37 0 0.0810079334404188 5.62856806275839
9 RMI1 84022175 gene 9 41 0 0.0594925641207135 4.75173189720095
9 C9orf153 86019747 gene 9 44 0 0.0747913620639609 5.87694368186
9 DAPK1 87649108 gene 9 45 0 0.114718406734765 16.262868480036
9 SYK 90805840 gene 9 46 0 0.0816846706854775 8.40800633542934
9 CENPP 92204204 gene 9 47 0 0.0239726230803541 7.62571847259985
9 ASPN 92514305 gene 9 47 0 0.0488896259549581 13.9377839304643
9 ERCC6L2 95704518 gene 9 48 0 0.0423171872859821 4.91763520712112
9 CCDC180 97347897 gene 9 49 0 0.118304599476818 17.8002999173761
9 TBC1D2 98246769 gene 9 49 0 0.0275208491825293 7.41559764313954
9 TEX10 100329523 gene 9 50 0 0.0715769311728545 12.596190583848
9 SHOC1 111845663 gene 9 56 0 0.0530072082216915 6.91235445097174
9 TXN 110147856 gene 9 56 0 0.0426547611506808 4.91104952962629
9 SUSD1 112171004 gene 9 57 0 0.128095486150299 11.4192245409845
9 SNX30 112861499 gene 9 57 0 0.176296962487413 16.2650876610976
9 HDHD3 113377555 gene 9 58 0 0.0657720126029046 4.58631873351421
9 POLE3 113382843 gene 9 58 0 0.0995810287461476 8.46316768802382
9 RNF183 113136706 gene 9 58 0 0.065862899177512 4.59913617935218
9 WHRN 114573441 gene 9 59 0 0.0868786104532561 9.96409429885482
9 TTLL11 122018585 gene 9 62 0 0.0898044430940469 15.7831507678984
9 CNTRL 121213595 gene 9 62 0 0.0389106969046823 8.42826806271118
9 CDK5RAP2 120540574 gene 9 62 0 0.0417324379698779 9.01104713730344
9 DENND1A 124004497 gene 9 63 0 0.0636966383975085 6.5230079777828
9 NDUFA8 122119968 gene 9 63 0 0.199711511788303 17.3941719404484
9 DOLPP1 129193817 gene 9 66 0 0.0485486270570227 11.433505164288
9 CRAT 129100800 gene 9 66 0 0.0979447126059208 23.0105172427573
9 NCS1 130485585 gene 9 68 0 0.140715166914494 14.0515606357473
9 SURF1 133156430 gene 9 70 0 0.0475979689476868 4.91514257709699
9 SARDH 133738370 gene 9 70 0 0.0644363279367062 7.71431629634586
9 BRD3 133974504 gene 9 70 0 0.10219743505113 12.0260657110095
9 UBAC1 136007784 gene 9 72 0 0.0553963824425147 4.75900634765108
9 TMEM141 136723210 gene 9 74 0 0.0882253451843328 10.0694168123239
10 LARP4B 974286 gene 10 2 0 0.114899592036004 9.41381167663929
10 PITRM1 3158880 gene 10 4 0 0.0536633791301704 5.38462621287209
10 AKR1E2 4805319 gene 10 6 0 0.0848012058050635 10.3801210974328
10 SFMBT2 6964411 gene 10 7 0 0.0469667227441932 4.51647553757072
10 GDI2 5959520 gene 10 7 0 0.0507786780633557 5.20477561003
10 USP6NL 11498764 gene 10 10 0 0.0275417031279913 6.10596535386046
10 PRPF18 13715831 gene 10 12 0 0.085132025412247 11.9510334169783
10 C1QL3 16270106 gene 10 13 0 0.0644142018794188 9.39306327661032
10 ST8SIA6 17124512 gene 10 14 0 0.0487538383416085 7.12912284451304
10 RSU1 16872639 gene 10 14 0 0.0452939907447381 6.45134652768656
10 MALRD1 19489685 gene 10 16 0 0.0630503858187975 11.6342844886388
10 BMI1 22308344 gene 10 16 0 0.0340288367839914 5.95530263080679
10 ACBD5 27181283 gene 10 20 0 0.0258412002636463 4.87988844008896
10 ANKRD26 27213501 gene 10 20 0 0.0250189192291835 4.56371113899384
10 PDSS1 26698850 gene 10 20 0 0.0261369816826343 4.98464972370412
10 SVIL 29737170 gene 10 22 0 0.0611308389637268 4.80617216470942
10 ARHGAP12 31916702 gene 10 24 0 0.159471629559859 20.0828656872644
10 CCDC7 32932975 gene 10 24 0 0.0347153253640929 6.74958973819322
10 ZNF37A 38261949 gene 10 28 0 0.0847185097372478 4.56477556000624
10 ARHGAP22 48604872 gene 10 32 0 0.0950290611373362 9.22808249981882
10 OGDHL 49630828 gene 10 32 0 0.0580360229441946 4.63215819849575
10 TIMM23B 49768332 gene 10 33 0 0.0491583476855522 5.03944358677996
10 PRKG1 52181222 gene 10 34 0 0.271989511033708 23.6902719202455
10 ZWINT 56241002 gene 10 37 0 0.0869770260290627 4.52131262390911
10 TFAM 58145080 gene 10 38 0 0.0977640229999881 8.37898253823338
10 CCDC6 59906128 gene 10 39 0 0.258677929769259 20.5685084893954
10 DNA2 68254040 gene 10 45 0 0.0569344621805626 5.08820448057847
10 TSPAN15 69454345 gene 10 46 0 0.0359250886885864 4.61573438465352
10 PALD1 70722341 gene 10 47 0 0.0778525015646778 6.97406583040782
10 DLG5 77924116 gene 10 50 0 0.0369338995060209 7.611244491387
10 LDB3 86717021 gene 10 55 0 0.0639826804792085 4.68776099941194
10 IFIT5 89427085 gene 10 57 0 0.158219097795323 13.581408701806
10 LIPA 89427876 gene 10 57 0 0.182107032950697 14.763778625287
10 KIF20B 89669514 gene 10 57 0 0.0517050295597784 8.63155383073608
10 FRA10AC1 93669250 gene 10 60 0 0.0587658367727184 4.73841748437348
10 MARVELD1 97825466 gene 10 62 0 0.0758393189641339 11.1654038916002
10 MORN4 97720796 gene 10 62 0 0.0394649902899947 5.12831463887439
10 PDZD7 101031042 gene 10 64 0 0.0354634900152844 4.83091577184214
10 BLOC1S2 100454822 gene 10 64 0 0.0343106734748723 4.52815985304784
10 NOLC1 102355505 gene 10 65 0 0.041942810959693 8.4877366603417
10 SHTN1 116992739 gene 10 72 0 0.0387936522523484 5.91141582051015
10 ENO4 116891500 gene 10 72 0 0.0364832614738424 5.34827095254172
10 DENND10 119110322 gene 10 74 0 0.0512705602133554 4.56349205185299
10 ATE1 121849748 gene 10 76 0 0.446730096735761 19.1435672094196
10 HMX3 123120109 gene 10 77 0 0.0770900273323579 12.788956599533
10 BTBD16 122277028 gene 10 77 0 0.031746472707216 4.61081244102751
10 ABRAXAS2 124558843 gene 10 78 0 0.0591187740448641 10.0882843828
10 MGMT 129480146 gene 10 81 0 0.084485796193108 5.03666367350539
10 GLRX3 130145455 gene 10 82 0 0.0865301555728779 6.36932575449871
10 DPYSL4 132171211 gene 10 83 0 0.0521689200904134 9.654673537989
10 PWWP2B 132256106 gene 10 83 0 0.0740429832871894 12.9003241621624
10 TCERG1L 131454606 gene 10 83 0 0.0381335517568673 6.77173454160533
10 INPP5A 132645884 gene 10 84 0 0.0831150693331393 9.63309815333625
10 CALY 133243990 gene 10 85 0 0.173206709094424 11.9268358335401
10 TUBGCP2 133318548 gene 10 85 0 0.098473029731051 6.5233919392788
11 CEND1 840034 gene 11 1 0 0.309137216138978 19.5670534436091
11 TMEM80 641800 gene 11 1 0 0.178628321069969 14.0255008733292
11 PSMD13 214169 gene 11 1 0 0.0655651475670067 4.52015319897318
11 IFITM2 219452 gene 11 1 0 0.0668471605643294 4.69992760069838
11 PANO1 701616 gene 11 1 0 0.0813308271712656 6.52681398286995
11 SIGIRR 403939 gene 11 1 0 0.0800834820218953 6.38243382352068
11 PHLDA2 2731363 gene 11 2 0 0.0254081879089211 4.84101525762165
11 ZNF195 3128302 gene 11 2 0 0.0287304931449379 5.95950164476152
11 STIM1 3904546 gene 11 3 0 0.100119821743815 5.25585315739615
11 CAVIN3 6295329 gene 11 4 0 0.0686614566613568 7.58405401276951
11 C11orf42 5988411 gene 11 4 0 0.0741718232444314 8.30235936883447
11 ZNF215 6685450 gene 11 5 0 0.108324715232503 10.6448583587605
11 DCHS1 6665968 gene 11 5 0 0.234120393630132 18.1336402458343
11 TUB 8101385 gene 11 6 0 0.20309037748097 15.3029921248204
11 MICAL2 12217567 gene 11 9 0 0.0448046592054878 7.0087255822562
11 ABCC8 17451599 gene 11 12 0 0.0839704880290486 12.4241324813926
11 SERGEF 18016571 gene 11 13 0 0.140575670955799 18.869231078941
11 IGSF22 18742540 gene 11 13 0 0.0287828379465571 5.20724844441667
11 TSG101 18379264 gene 11 13 0 0.0278867853778129 4.90225518461755
11 NELL1 21282646 gene 11 15 0 0.0860668825066773 8.14523944324323
11 SLC5A12 26859384 gene 11 18 0 0.101116637044581 6.9195650897352
11 ELP4 32015353 gene 11 21 0 0.0520201009544469 6.51168553398577
11 RCN1 32047741 gene 11 21 0 0.0819791119977555 10.7337787540245
11 QSER1 33001290 gene 11 22 0 0.118271978649509 9.88812477052263
11 PDHX 34865054 gene 11 23 0 0.0586987966366304 5.23058641001594
11 NAT10 34061450 gene 11 23 0 0.130494616431739 12.7268920045877
11 EXT2 44118844 gene 11 27 0 0.0319696563710162 4.60297844863473
11 PHF21A 46145786 gene 11 28 0 0.0589837384320787 13.2562616420037
11 PTPRJ 48036761 gene 11 29 0 0.0435322955680285 10.2827169817804
11 CELF1 47752686 gene 11 29 0 0.0229791196294723 7.11810348749017
11 PSMC3 47371943 gene 11 29 0 0.0437998665159147 10.2199579837296
11 TIMM10 57516515 gene 11 32 0 0.0319840606004727 10.9002865241579
11 DAGLA 61558742 gene 11 34 0 0.0288545613858531 5.3993533093833
11 TMEM109 61090559 gene 11 34 0 0.0271790557023284 4.85289405628998
11 VPS37C 61285628 gene 11 34 0 0.0292526428232998 5.52457059886568
11 BEST1 61943184 gene 11 34 0 0.0662564339069778 13.0472699249654
11 ASRGL1 62275661 gene 11 34 0 0.0338194025356472 6.85162222955955
11 PLAAT3 63611199 gene 11 35 0 0.0445205410240609 4.92377117209907
11 PLCB3 64386277 gene 11 36 0 0.0467338355362301 10.1697542723933
11 PACS1 66071520 gene 11 36 0 0.0262174390556122 5.73412300277351
11 GSTP1 67567341 gene 11 37 0 0.0804312926648371 7.50731717216987
11 NDUFV1 67594892 gene 11 37 0 0.0614597926670718 4.89527149511913
11 SHANK2 71218174 gene 11 40 0 0.170650449747059 14.1330713406532
11 PGM2L1 74554169 gene 11 41 0 0.0382109747397836 4.78429575779278
11 UVRAG 76129851 gene 11 42 0 0.0316929367459838 5.91609378019867
11 ACER3 76859688 gene 11 42 0 0.0975741623340411 16.123370173605
11 NARS2 78564160 gene 11 43 0 0.0727125168681423 4.53831596585576
11 PRCP 82644447 gene 11 46 0 0.0222333486503291 5.25827970644028
11 DDIAS 82807929 gene 11 46 0 0.0222697934699719 5.76179505366634
11 DLG2 84257442 gene 11 46 0 0.0232385421230774 5.72066874603968
11 TMEM135 86884481 gene 11 47 0 0.0455683460137528 6.39039511861013
11 NAALAD2 90106887 gene 11 50 0 0.108749586105124 8.05689135881947
11 DEUP1 93346552 gene 11 52 0 0.152363498155104 12.0546420936091
11 CCDC82 96364768 gene 11 55 0 0.122119484191133 7.87719549751989
11 CWF19L2 107261635 gene 11 62 0 0.28421658796949 19.2033440903839
11 NCAM1 113103801 gene 11 67 0 0.0117208615468825 9.64118034036905
11 CEP164 117322903 gene 11 70 0 0.0678366847279153 8.37559045767146
11 SIDT2 117100045 gene 11 70 0 0.132723620575723 14.6916340290433
11 HINFP 119029700 gene 11 71 0 0.0689907085302729 8.80503473280364
11 SCN4B 118151025 gene 11 71 0 0.055246688453391 6.93597922000624
11 ATP5MG 118630246 gene 11 71 0 0.0702625895532584 9.09524167848962
11 ARHGEF12 120312217 gene 11 72 0 0.188585499056323 18.0551794585561
11 TBCEL 121243171 gene 11 73 0 0.0532328165652781 4.66456354887837
11 SC5D 121293731 gene 11 73 0 0.0544604694440675 4.87511380849769
11 SORL1 121437816 gene 11 74 0 0.0791792316318178 7.67705644902471
11 DDX25 126118850 gene 11 77 0 0.0264068232817484 6.52756507994044
11 FOXRED1 126187479 gene 11 77 0 0.0337213810321403 8.62165568907963
11 FEZ1 125312739 gene 11 77 0 0.0443895108786125 11.1257700378684
11 SNX19 130894514 gene 11 81 0 0.488904915574787 21.7525131765742
11 NCAPD3 134330401 gene 11 83 0 0.0187439647628233 5.77360014515588
12 DCP1B 2004182 gene 12 2 0 0.0367931752930739 8.92036712484343
12 ACSM4 7223802 gene 12 7 0 0.0393764641391333 4.90691777411358
12 CDCA3 6804524 gene 12 7 0 0.103545701242235 13.6631694343113
12 CLSTN3 7140835 gene 12 7 0 0.111728990102903 14.5870734789674
12 CLEC2D 9652637 gene 12 9 0 0.12043267801954 10.1998539518331
12 A2M 8931779 gene 12 9 0 0.0886912036854112 7.31171998464736
12 PRH1 10912768 gene 12 10 0 0.0771494134339775 4.54435191354439
12 BORCS5 12327115 gene 12 11 0 0.0656431253093338 6.9838700160057
12 DDX47 12750915 gene 12 12 0 0.0270044461198501 5.68013035320709
12 LMO3 16557871 gene 12 14 0 0.0750013604142468 8.0549709152801
12 SLCO1A2 21456246 gene 12 16 0 0.108189221699829 20.5584733901867
12 TM7SF3 27173523 gene 12 18 0 0.0543551985697341 9.53796767344601
12 BHLHE41 25887090 gene 12 18 0 0.0385919659199101 6.38561712465208
12 DDX11 31060697 gene 12 21 0 0.206488738508528 19.9802126365705
12 ZCRB1 42303290 gene 12 27 0 0.0377391266959309 7.33372222257958
12 ADAMTS20 43579036 gene 12 27 0 0.0285328741590063 4.77402450805085
12 CNTN1 41304335 gene 12 27 0 0.0297988795390453 5.17079639159288
12 ASB8 48009982 gene 12 30 0 0.0668175824654768 4.73419366786015
12 CERS5 50116154 gene 12 31 0 0.118415059364132 18.8096490157381
12 RACGAP1 49886647 gene 12 31 0 0.0236223514567446 5.42049290636652
12 CCNT1 48783022 gene 12 31 0 0.187338587925153 23.7295984060887
12 KMT2D 48847008 gene 12 31 0 0.0336071297638587 8.41730095134127
12 FKBP11 48904557 gene 12 31 0 0.0244490190859791 5.65241258966851
12 DAZAP2 51225072 gene 12 31 0 0.0301328138960257 7.48491025249928
12 CBX5 54085426 gene 12 33 0 0.0790191447858651 8.10714542654428
12 RPS26 56083910 gene 12 35 0 0.0713245644035003 7.73457180258357
12 ESYT1 56312113 gene 12 35 0 0.0553586976208521 5.38534758982345
12 R3HDM2 57458211 gene 12 36 0 0.390053063922958 19.0945084017405
12 DPY19L2 63697607 gene 12 39 0 0.0983911941098502 6.27099960706465
12 HELB 66300655 gene 12 40 0 0.0874258308728466 8.35681791377293
12 GRIP1 67184487 gene 12 41 0 0.0512582783065714 6.2963166185048
12 RAP1B 68783910 gene 12 42 0 0.0445091141399879 4.51611588527278
12 NUP107 68759291 gene 12 42 0 0.0549252917362159 6.45442906973744
12 MYRFL 69838518 gene 12 43 0 0.229651539669954 17.6616747009082
12 KCNMB4 70255850 gene 12 43 0 0.0683944008618396 6.0595504838486
12 GLIPR1L2 75301662 gene 12 46 0 0.0254761809401622 6.12383604959381
12 PPFIA2 81065288 gene 12 49 0 0.117063811431769 11.1727294375519
12 IKBIP 98630068 gene 12 58 0 0.0404562175380637 4.63995166512777
12 UTP20 101601436 gene 12 61 0 0.0822726597856247 4.60716631261485
12 C12orf42 103651374 gene 12 62 0 0.0867064479496056 20.739593552552
12 NFYB 104354059 gene 12 62 0 0.0136965712373826 4.57736908908414
12 CRY1 106897025 gene 12 65 0 0.0400898036445095 6.89279104554015
12 SUDS3 118130424 gene 12 73 0 0.0414327755942892 6.71356833763641
12 MSI1 120450959 gene 12 74 0 0.0374476930084465 10.6356711711002
12 COX6A1 120587915 gene 12 74 0 0.0224095117746358 5.94294061310356
12 SPPL3 120813468 gene 12 74 0 0.117550268857121 21.2717103473031
12 COQ5 120478752 gene 12 74 0 0.0466612635326285 12.6568304208409
12 RSRC2 122458684 gene 12 75 0 0.280533320189228 17.9607191910214
12 GLT1D1 129090885 gene 12 79 0 0.129573455134201 12.7535152336385
12 RIMBP2 130654873 gene 12 80 0 0.0448870523843575 4.51751687771474
13 TPTE2 19479778 gene 13 1 0 0.0813249890023959 5.36716542489669
13 IFT88 20676086 gene 13 2 0 0.161954628871293 14.3627761799322
13 SPATA13 23993233 gene 13 5 0 0.0593052356365573 4.56929830162789
13 USP12 27036942 gene 13 7 0 0.0335653696293899 5.1588273268263
13 MTIF3 27350448 gene 13 7 0 0.0349469787668298 5.52825716043479
13 FRY 32113476 gene 13 10 0 0.17218035136647 11.3088790932368
13 NBEA 35544488 gene 13 13 0 0.0705320203997782 5.05851963140445
13 CCDC169 36283879 gene 13 13 0 0.0666528338016294 4.53283215212736
13 NHLRC3 38932184 gene 13 15 0 0.0553031761841263 14.2371953224424
13 LHFPL6 39501101 gene 13 15 0 0.0189759580825807 4.70591659075055
13 VWA8 41707171 gene 13 16 0 0.052230206241874 6.92092497700132
13 CCDC122 43868102 gene 13 17 0 0.493958706550427 20.0933932395302
13 LACC1 43950477 gene 13 17 0 0.0726747992917323 15.5216894670229
13 EPSTI1 42732435 gene 13 17 0 0.0522469521013039 8.22241457003443
13 MED4 48057347 gene 13 20 0 0.0773574380496389 8.08095036135679
13 CAB39L 49413823 gene 13 21 0 0.0359880926273565 4.77745777230565
13 EBPL 49692112 gene 13 21 0 0.0411789349783827 5.77776350425965
13 THSD1 52177857 gene 13 22 0 0.25764072635606 18.1522083557336
13 CKAP2 52623103 gene 13 22 0 0.175997070894856 14.3540851494693
13 FAM124A 51237669 gene 13 22 0 0.0710792573329431 5.74450896423946
13 TBC1D4 75484742 gene 13 37 0 0.0470666982521142 6.36840100816665
13 GPC6 93423523 gene 13 47 0 0.0318315795735168 4.97673746609939
13 POGLUT2 102534790 gene 13 52 0 0.0431210598840838 4.53278232124424
13 TEX30 102689332 gene 13 52 0 0.0430430308049049 4.51613282414366
13 LIG4 107981446 gene 13 57 0 0.0925937063593466 8.75145726842655
13 TMCO3 113477639 gene 13 62 0 0.099606309111813 10.9846289992879
13 PCID2 113097027 gene 13 62 0 0.0921460858581096 10.1139529838462
13 CUL4A 113438413 gene 13 62 0 0.054712890963581 5.34047424950174
14 OSGEP 20454990 gene 14 1 0 0.0618923361783522 4.79823897477097
14 DHRS4 24158850 gene 14 3 0 0.0472454115721072 4.81045274862285
14 NYNRIN 24663809 gene 14 4 0 0.0647672791455397 5.09049111663336
14 STXBP6 24698305 gene 14 4 0 0.0626061285285273 4.77576573707613
14 STRN3 31069733 gene 14 7 0 0.0434061091307225 11.6669972217304
14 EGLN3 33812989 gene 14 8 0 0.0165227055132113 6.49857175494443
14 MIPOL1 37254031 gene 14 10 0 0.053335933326622 6.56859465218744
14 SLC25A21 37289893 gene 14 10 0 0.056159213816688 7.04510356138563
14 PYGL 50999766 gene 14 20 1 0.134229291777956 15.559636273986
14 ARF6 50042496 gene 14 20 0 0.0388402114375886 4.51732693626878
14 FERMT2 52838033 gene 14 21 0 0.0241966623805124 4.69145291750187
14 PSMC6 52588334 gene 14 21 0 0.107307475257612 17.8789070800449
14 TMEM260 56574279 gene 14 25 0 0.0470933528933312 5.57867045888567
14 AP5M1 57179509 gene 14 26 0 0.0598881880754623 5.00514502769597
14 SLC35F4 58052417 gene 14 26 0 0.0612658702244925 5.21578181080625
14 LRRC9 59960533 gene 14 27 0 0.0288365599458931 4.55547948589709
14 PPM1A 60216369 gene 14 27 0 0.0334497073506512 5.95023499658777
14 PRKCH 61525094 gene 14 28 0 0.036623244016555 5.83623209274949
14 ZBTB25 64695204 gene 14 29 0 0.0615022288407093 4.58665493942077
14 RAB15 64966613 gene 14 30 0 0.0581172569152751 4.54147450047052
14 ATP6V1D 67480195 gene 14 31 0 0.0512096067653244 5.02881852598484
14 MAP3K9 70980185 gene 14 33 0 0.0215654905745053 8.6276181297654
14 PCNX1 71082473 gene 14 33 0 0.0193121331837255 7.11164294492926
14 DCAF4 72899704 gene 14 34 0 0.0203152276300842 4.6255534099755
14 ENTPD5 73825425 gene 14 34 0 0.027605304826111 7.36716274413488
14 COQ6 73815387 gene 14 34 0 0.0201522964336607 4.5777102687577
14 ALDH6A1 73831807 gene 14 34 0 0.023551409446511 5.98620875557054
14 SYNDIG1L 74541568 gene 14 34 0 0.0938683360109742 18.9121831047051
14 GPATCH2L 76226752 gene 14 35 0 0.0743103015889183 7.40761405297046
14 ISM2 77599466 gene 14 36 0 0.0557667380104201 4.5899569081111
14 TMED8 77381584 gene 14 36 0 0.080849232150134 8.04016010180521
14 TMEM63C 77196012 gene 14 36 0 0.137305673388252 13.0470616582985
14 CEP128 80719406 gene 14 38 0 0.0674039061371776 5.04332657140685
14 STON2 81025851 gene 14 38 0 0.0710330797851145 5.53082387972648
14 PTPN21 88505959 gene 14 44 0 0.0498699406683152 6.73142907609
14 SPATA7 88361089 gene 14 44 0 0.0822633124231974 10.2064805708789
14 NRDE2 90269363 gene 14 45 0 0.0389851540710034 5.21965741084854
14 CCDC88C 91309161 gene 14 46 0 0.172735047165327 18.5815242505134
14 CPSF2 92267192 gene 14 46 0 0.0502241593964486 6.93862676040107
14 GOLGA5 92934271 gene 14 47 0 0.127731741965025 10.6055617281609
14 UNC79 93358667 gene 14 47 0 0.194453230589253 14.0341773800508
14 IFI27L1 94098996 gene 14 48 0 0.0660876954160909 6.62026528437715
14 EML1 99626818 gene 14 52 0 0.0350530420232837 11.9969959327073
14 BEGAIN 100565880 gene 14 52 0 0.0450659961342335 14.0844974531667
14 SLC25A29 100223074 gene 14 52 0 0.0324889624298875 11.1683359524058
14 MARK3 103517957 gene 14 54 0 0.0498507158721276 17.2759427115557
14 INF2 104801597 gene 14 55 0 0.0674887717367146 4.54051730667578
14 CEP170B 105109517 gene 14 55 0 0.103867251587076 8.57557071076008
15 MAGEL2 23585639 gene 15 2 0 0.0870812782987448 8.15872851260962
15 OCA2 27753675 gene 15 5 0 0.264766541577581 18.8685250583609
15 MTMR10 30876269 gene 15 7 0 0.0660967319455081 4.57929226139279
15 ACTC1 34645018 gene 15 10 0 0.0525645636877886 9.31090053929519
15 GPR176 39832529 gene 15 13 0 0.05882715484684 10.4583711494035
15 INAFM2 40253789 gene 15 14 0 0.0731210227333478 11.5734396515341
15 CCDC32 40710330 gene 15 14 0 0.0496507380018015 6.21005998912776
15 KNSTRN 40332550 gene 15 14 0 0.0709143551729097 10.3543411120171
15 NDUFAF1 41451376 gene 15 15 0 0.0707767579329863 4.86392880824269
15 ADAL 43330067 gene 15 16 0 0.0487477606857415 7.96503414177609
15 TTBK2 42855686 gene 15 16 0 0.0668674043948595 11.5028360399368
15 SLC28A2 45127968 gene 15 17 0 0.0556915938845303 5.51713528927217
15 PATL2 44767816 gene 15 17 0 0.133406328948468 14.3750085129434
15 GLDN 51329931 gene 15 20 0 0.14308573168994 17.1445162776615
15 DMXL2 51579446 gene 15 21 0 0.191546816533829 16.1819225496409
15 SCG3 51478648 gene 15 21 0 0.0561932064852538 5.76813876394727
15 WDR72 53759797 gene 15 22 0 0.0540247106161963 4.71376715625947
15 NEDD4 55838711 gene 15 24 0 0.0284008939051941 8.37413949645083
15 DAPK2 63969353 gene 15 29 0 0.0510063931771574 8.42587711865809
15 RAB8B 63255660 gene 15 29 0 0.170849517519265 19.8139270643366
15 CSNK1G1 64154766 gene 15 29 0 0.0362731956440583 5.29203275741254
15 ANKDD1A 64878841 gene 15 30 0 0.110712396319502 10.7764505984449
15 MAP2K5 67620639 gene 15 31 0 0.067467626567171 8.98582772871655
15 SMAD3 67047839 gene 15 31 0 0.164200832601261 15.8478284609233
15 SCAPER 76485236 gene 15 36 0 0.0398204066359481 6.01700460620558
15 PSMA4 78519756 gene 15 37 1 0.0480220308287587 47.3873966013149
15 CRABP1 78319936 gene 15 37 0 0.017669125645299 7.85999590766123
15 CEMIP 80770495 gene 15 38 2 0.128145558027781 16.0205733967401
15 C15orf40 83245946 gene 15 38 0 0.0543932684882352 14.5790565618047
15 ABHD17C 80762896 gene 15 38 2 0.364691681808658 18.8531078034011
15 GOLGA6L10 82227302 gene 15 38 0 0.0262569441385579 12.260191122183
15 HOMER2 82914898 gene 15 38 0 0.0250880832463974 8.04728694629579
15 SH3GL3 83787744 gene 15 39 0 0.0443589550731198 6.84619224336275
15 PEX11A 89695993 gene 15 41 0 0.027700292076653 4.74193673922222
15 ACAN 88820327 gene 15 41 0 0.0281516253913562 4.8044446248862
15 IDH2 89851399 gene 15 41 0 0.0780885763110427 13.6784353239644
15 NGRN 90272055 gene 15 42 0 0.0409826235527003 5.57283646144691
15 SV2B 91110769 gene 15 42 0 0.0550028108129336 8.48151107616767
15 FAM174B 92515613 gene 15 43 0 0.0238844723129016 4.70974586265497
15 CHD2 92843159 gene 15 43 0 0.0946171974851674 18.4897348741666
15 LYSMD4 99753715 gene 15 48 0 0.0599308250020423 4.51819469648845
15 LINS1 100574435 gene 15 49 0 0.0619482128736984 5.22815091931782
15 TM2D3 101612866 gene 15 50 0 0.0538387550994152 4.55632567469406
16 SOX8 803362 gene 16 1 0 0.0778552124381692 5.99996363633178
16 RAB11FIP3 484642 gene 16 1 0 0.112190441438245 9.43382841994644
16 NPRL3 140969 gene 16 1 0 0.0669735497047087 4.59852956512122
16 CIAO3 714520 gene 16 1 0 0.0775894047840685 5.96803655364637
16 MEIOB 1826215 gene 16 2 0 0.0937010267401717 9.94579317851833
16 CRAMP1 1924794 gene 16 2 0 0.174937051873181 15.9133322392039
16 MLST8 2049231 gene 16 2 0 0.0693018654852198 7.12744693911938
16 ZNF200 3323351 gene 16 3 0 0.316668065829608 19.6852794005929
16 UBALD1 4676007 gene 16 4 0 0.172899424965589 23.8473641458238
16 SEPTIN12 4927782 gene 16 4 0 0.122023303114152 16.0440072956354
16 NMRAL1 4666889 gene 16 4 0 0.0504059798388991 8.82416599021661
16 SMIM22 4796335 gene 16 4 0 0.0981749878341273 14.2580441966375
16 RBFOX1 7233935 gene 16 7 0 0.0519955235044862 5.09000859545882
16 TXNDC11 11615616 gene 16 12 0 0.0576478828683657 6.0172738445302
16 NPIPB2 11977484 gene 16 12 0 0.628113636183761 18.4762710095849
16 PDXDC1 15050579 gene 16 15 0 0.116730305675285 11.0473693410304
16 ABCC6 16149320 gene 16 16 0 0.084023223185942 5.11985897484795
16 NOMO3 16146518 gene 16 16 0 0.0790827327671839 4.55347057920721
16 GDE1 19515003 gene 16 18 0 0.0706235181763163 8.58818987215632
16 RPS15A 18964242 gene 16 18 0 0.0546705702287235 7.13667172251471
16 KNOP1 19724578 gene 16 18 0 0.0425592008857076 5.32044799861927
16 GPR139 20052563 gene 16 18 0 0.041029001235398 4.57088262496902
16 HS3ST4 25946594 gene 16 21 0 0.0301458863999081 5.44687967236781
16 QPRT 29651317 gene 16 24 0 0.057712656953349 6.43853276502322
16 KAT8 31106377 gene 16 24 0 0.0603363927900139 5.61039417193345
16 TGFB1I1 31438677 gene 16 25 0 0.0561884167128864 4.57009084918438
16 HEATR3 50112333 gene 16 27 0 0.0249075764277716 5.06697827121497
16 LPCAT2 55508767 gene 16 29 0 0.0298731587622044 4.71292493710563
16 HERPUD1 56978467 gene 16 30 0 0.0415210189942148 5.59583188860128
16 BBS2 56537794 gene 16 30 0 0.0481797654640666 6.96411460772032
16 USB1 57830187 gene 16 31 0 0.0901763088992369 12.3595729060408
16 CNGB1 57743097 gene 16 31 0 0.039822548924929 4.83310518636896
16 SLC38A7 58681178 gene 16 31 0 0.12919468558996 20.4517247675177
16 CDH8 61878023 gene 16 33 0 0.0554494578892958 5.30598050848793
16 ZFP90 68525985 gene 16 36 0 0.0332749679453326 5.56314043604157
16 SF3B3 70483738 gene 16 37 0 0.0539962420636043 4.59803111549156
16 NOB1 69706471 gene 16 37 0 0.0544922603193417 4.66100910126616
16 VAC14 70747330 gene 16 37 0 0.0707878852480249 7.26100652837932
16 MARVELD3 71591564 gene 16 38 0 0.0648426179138611 6.08756495480829
16 DHX38 72191415 gene 16 38 0 0.0587985655930066 5.18089089881171
16 RFWD3 74491821 gene 16 39 0 0.0310863953874867 4.59855865041823
16 BCAR1 75208877 gene 16 40 0 0.0865699170331959 5.98263626091017
16 ADAMTS18 77428164 gene 16 41 0 0.0839798449115284 12.3472714528607
16 ATMIN 81135441 gene 16 45 0 0.0707798742386309 8.81885128982453
16 MPHOSPH6 82171548 gene 16 46 0 0.0507319958852205 5.9587531705539
16 CDH13 83316036 gene 16 47 0 0.112754048786175 14.5717312773757
16 TAF1C 84164826 gene 16 48 0 0.0936424277652374 11.3089205275001
16 C16orf74 85785485 gene 16 50 0 0.291918012331938 22.1226253989327
16 MTHFSD 86450548 gene 16 51 0 0.128649744745233 9.08874430685699
16 KLHDC4 87721549 gene 16 53 0 0.129736246198974 16.4668536656445
16 SLC7A5 88034406 gene 16 53 0 0.116909081936135 15.4754940130603
16 SNAI3 88658875 gene 16 53 0 0.405473261422082 28.0365715458893
16 CDK10 89688036 gene 16 54 0 0.0567475278405667 12.7681927358284
16 CPNE7 89562662 gene 16 54 0 0.315888882480452 25.1571147240347
16 GAS8 89780269 gene 16 54 0 0.0469710703988469 9.76482796316705
17 VPS53 535884 gene 17 1 0 0.0601067029129422 4.57985500197585
17 ABR 1088385 gene 17 1 0 0.112914248529469 10.4792696221062
17 TLCD2 1753779 gene 17 2 0 0.0855017001759678 10.3796921533949
17 SRR 2212288 gene 17 3 0 0.0480196272034398 10.5455885072229
17 EMC6 3722288 gene 17 3 0 0.0611698499556367 10.8516082936453
17 METTL16 2530257 gene 17 3 0 0.0960232714211443 14.4579825409074
17 ZNF232 5141988 gene 17 5 0 0.0523362373556774 5.98913319902262
17 RABEP1 5625444 gene 17 5 0 0.063292077328485 6.85561983246131
17 NEURL4 7407309 gene 17 6 0 0.0860070715801921 11.9056280847486
17 C17orf100 6566856 gene 17 6 0 0.0392480439500067 4.69957586626917
17 NLGN2 7575897 gene 17 7 0 0.0540080464348108 5.08665191163097
17 VAMP2 8155799 gene 17 7 0 0.0722032985110723 7.75767056832906
17 ZNF18 12027664 gene 17 10 0 0.0561783490494219 5.07794431668188
17 TVP23C 15531231 gene 17 14 0 0.115865159993675 8.2237561808561
17 TTC19 15971833 gene 17 14 0 0.135821615426812 9.73929520802093
17 TEKT3 15543515 gene 17 14 0 0.111363713981027 7.84799028089779
17 LLGL1 18235775 gene 17 15 0 0.167060361843971 16.3233245093206
17 ZNF624 16603648 gene 17 15 0 0.0565285081187219 9.52161667958942
17 SPECC1 20120782 gene 17 16 0 0.0507270612520942 11.3016600628298
17 USP22 21007051 gene 17 16 0 0.312390762994054 22.0577057790956
17 PIGS 28383328 gene 17 17 0 0.0551316573571993 4.77911413483498
17 TMEM97 28317282 gene 17 17 0 0.0676604928702277 6.42760420229374
17 UNC119 28534153 gene 17 17 0 0.0725244192273249 7.43060573938372
17 WSB1 27295620 gene 17 17 0 0.0550284706716985 4.70070102192012
17 UTP6 31970228 gene 17 19 0 0.0390853106394056 4.58677215448403
17 ERBB2 39814112 gene 17 23 0 0.0668754955579679 8.15056394390454
17 STARD3 39705465 gene 17 23 0 0.065705560321686 7.98701433011255
17 GJC1 44829928 gene 17 26 0 0.0601223814884132 4.77530671061021
17 DBF4B 44658049 gene 17 26 0 0.0634064706160507 5.26810625113579
17 NSF 46717192 gene 17 27 0 0.347289517106145 23.6122321858409
17 HEXIM1 45113478 gene 17 27 0 0.0306920717163803 5.09688893254724
17 FMNL1 45176184 gene 17 27 0 0.147846482244036 17.752905993435
17 CDK5RAP3 47967080 gene 17 28 0 0.0613438430533989 8.59672661415147
17 ATP5MC1 48971599 gene 17 28 0 0.167455375877525 18.0889071006086
17 CBX1 47997512 gene 17 28 0 0.0411062240885576 4.90486440212163
17 TANC2 62966044 gene 17 36 0 0.196646639739951 16.2770910152633
17 TEX2 64325029 gene 17 37 0 0.139303300698109 14.9461968368468
17 PRKCA 66577262 gene 17 38 0 0.0892933212257794 11.2966177336954
17 CACNG4 66801017 gene 17 38 0 0.0903779445294607 11.4098750390166
17 MYO15B 75415547 gene 17 42 0 0.0400586385599786 5.9938238987694
17 NT5C 74938809 gene 17 42 0 0.0472628241839901 7.46023996963682
17 HID1 74954778 gene 17 42 0 0.107497313925647 15.1165531680873
17 TNRC6C 77815179 gene 17 43 0 0.0300190973518869 5.34810712706083
17 MXRA7 76674498 gene 17 43 0 0.0274380618611101 4.55242402570435
17 MFSD11 76758736 gene 17 43 0 0.0289237541484763 5.04148598790705
17 CANT1 79195966 gene 17 44 0 0.165233981738064 14.5288569096365
17 RBFOX3 79548466 gene 17 45 0 0.0331384048497716 4.68309197256966
17 GAA 80101429 gene 17 45 0 0.0535518604528382 8.84681213981712
17 CCDC40 80037569 gene 17 45 0 0.0361917874576397 5.48752147375465
17 BAHCC1 81538394 gene 17 46 0 0.102847838362818 11.2389376825953
17 CYBC1 82691758 gene 17 47 0 0.06960354755763 7.6125701475516
17 CCDC57 82190469 gene 17 47 0 0.355290966294011 23.5856573682744
18 MYOM1 2917154 gene 18 3 0 0.0414032236832881 5.11795257207147
18 L3MBTL4 5731038 gene 18 4 0 0.0317822955356095 7.77617283624403
18 ZNF519 14021985 gene 18 9 0 0.0311682757001537 5.62751207413385
18 CEP192 12947463 gene 18 9 0 0.0357851504513452 6.89216833524608
18 ZNF521 25065182 gene 18 12 0 0.177186315452577 18.2350485014472
18 FHOD3 36283738 gene 18 20 0 0.138436695260262 11.2321521275375
18 TPGS2 36761239 gene 18 20 0 0.096502312923003 7.8058509707211
18 ST8SIA5 46570595 gene 18 25 0 0.101770663806069 11.7413560556105
18 PSTPIP2 46071167 gene 18 25 0 0.0688403791898982 8.08300545550076
18 SMAD7 48888570 gene 18 27 0 0.0426769879133858 4.52197661455727
18 SMAD4 51273937 gene 18 28 0 0.0327791243409503 10.7207093934151
18 POLI 54271677 gene 18 30 0 0.000310000050727344 5.24310603104817
18 RAB27B 54842602 gene 18 30 0 0.000994119973125041 21.7039198705024
18 NEDD4L 58189675 gene 18 31 0 0.117780192965812 10.4033254759946
18 RNF152 61817874 gene 18 34 0 0.070020606430704 5.50265843177947
18 CBLN2 72849971 gene 18 42 0 0.0487266526539132 4.90646726933135
18 NETO1 72876556 gene 18 42 0 0.0467415784113416 4.53259248683359
18 CYB5A 74390858 gene 18 44 0 0.0370376782277175 4.54983710898261
18 CNDP2 74459013 gene 18 44 0 0.0368910416062777 4.51620434659152
18 GALR1 77257717 gene 18 46 0 0.0474472903403965 4.7818515347786
18 SALL3 78994466 gene 18 47 0 0.0795996155680985 5.04065785159249
19 CDC34 430380 gene 19 1 0 0.0575600157172458 5.06839488437448
19 C2CD4C 426974 gene 19 1 0 0.0901331331549969 9.24369697267879
19 SHC2 412812 gene 19 1 0 0.0731962479694051 7.29839006245538
19 AZU1 1038572 gene 19 2 0 0.030904174078362 5.31507767143876
19 APC2 1387300 gene 19 2 0 0.336904783547384 28.1983237670369
19 ONECUT3 1769713 gene 19 2 0 0.0375079930991313 7.08864289875246
19 OAZ1 2482310 gene 19 3 0 0.0436003649837194 5.38242438111682
19 ZFR2 3840159 gene 19 4 0 0.130277789216724 10.2510225078651
19 ZNF57 3152984 gene 19 4 0 0.0713763199743198 4.58517655012651
19 PIP5K1C 3726551 gene 19 4 0 0.0812230579864783 5.79022154666054
19 RPL36 5600359 gene 19 5 0 0.0386308727720718 4.63135795436249
19 CAMSAP3 7814440 gene 19 7 0 0.0666440489729335 6.25600260694923
19 EVI5L 7862579 gene 19 7 0 0.0905279759419901 9.1143487663974
19 ZNF558 8864704 gene 19 8 0 0.0688220181794301 4.97975770383227
19 ZNF266 9390125 gene 19 9 0 0.0506014374314647 6.03893170721969
19 ZNF562 9548480 gene 19 9 0 0.0990936636589272 12.2951412587039
19 LDLR 11163854 gene 19 9 0 0.108627658641988 13.1623880147892
19 CALR 13040294 gene 19 10 0 0.196469030273223 27.6171062588124
19 ZNF627 11623811 gene 19 10 0 0.0250299556085988 10.4719373949615
19 HOOK2 12832824 gene 19 10 0 0.015838342668409 6.89788755545173
19 GET3 12777818 gene 19 10 0 0.0225434652788621 9.80027198702293
19 PRKACA 14063659 gene 19 11 0 0.0624949938469214 5.15198823537475
19 CC2D1A 13856728 gene 19 11 0 0.115772030879691 10.9275269884061
19 ZNF333 14692884 gene 19 12 0 0.101313083733302 8.87743837614531
19 PDE4C 18172130 gene 19 14 0 0.0604098358615345 9.05257479352528
19 MAP1S 17715603 gene 19 14 0 0.0474697937983316 6.82666281485723
19 MVB12A 17163083 gene 19 14 0 0.0371107824312942 4.5645395956422
19 TMEM59L 18560245 gene 19 15 0 0.0387936114642268 4.75344681586267
19 COPE 18919880 gene 19 15 0 0.0481337248618309 8.70036149320898
19 YJEFN3 19433594 gene 19 15 0 0.0387708154961134 6.70214503232343
19 BORCS8 19433594 gene 19 15 0 0.0387708154961134 6.70214503232343
19 JUND 18408416 gene 19 15 0 0.0853987655823179 10.8684574873
19 ZNF682 19871910 gene 19 16 0 0.0808467754116723 4.69444479198334
19 ZNF66 20690284 gene 19 16 0 0.0794926182020002 4.53666972057749
19 ZNF626 20725858 gene 19 17 0 0.0765498238234297 10.0261897230348
19 ZNF493 21384558 gene 19 17 0 0.114907540769811 13.8447298275231
19 ZNF708 21283020 gene 19 17 0 0.0431664073070493 4.72563373508243
19 ZNF429 21569207 gene 19 17 0 0.0544593749174424 6.86688982790326
19 ZNF738 21209295 gene 19 17 0 0.0447091608543689 5.04853590667326
19 ZNF675 23686347 gene 19 19 0 0.0661527359381879 6.10247288977465
19 ZNF254 24023342 gene 19 19 0 0.0559085737208392 4.54404744438811
19 C19orf12 29869722 gene 19 21 0 0.116761965120283 10.4156379751939
19 ZNF507 32614837 gene 19 23 0 0.1686540560625 14.3541106939446
19 ZNF302 34643675 gene 19 24 0 0.126610796731706 15.8825655555376
19 HAUS5 35801168 gene 19 24 0 0.0381211004930874 4.69925004693169
19 LGI4 35129684 gene 19 24 0 0.0403760028394107 5.22667055612703
19 ZNF30 34927278 gene 19 24 0 0.0772923940019902 11.2312463135868
19 ZNF573 37792087 gene 19 26 0 0.0224530425753298 5.46440006633977
19 FBXO27 39011491 gene 19 26 0 0.0238722361744861 6.01709025467498
19 ZNF780B 40282334 gene 19 27 0 0.0598240317492718 4.52843923071905
19 ITPKC 40668998 gene 19 28 0 0.0879858864395677 5.3203075088768
19 ETHE1 43572012 gene 19 30 0 0.0937386802788281 5.85805705754571
19 SMG9 43665586 gene 19 30 0 0.0885391727729842 5.32240453190635
19 ZNF283 43830631 gene 19 30 0 0.0812567971251921 4.51900120236027
19 ZNF180 44504033 gene 19 31 0 0.0710565855396953 5.44436959317586
19 RELB 44885967 gene 19 31 0 0.0865584872768561 7.28644037178828
19 APOC1 44728895 gene 19 31 0 0.0656356714643991 4.70694314490723
19 PPM1N 45621992 gene 19 32 0 0.076496455771872 4.62559807969729
19 DMPK 45756987 gene 19 32 0 0.112158006194658 8.22100700906043
19 KPTN 47338082 gene 19 33 0 0.0344515288668883 6.93397865859728
19 C5AR1 47256616 gene 19 33 0 0.171803163731711 21.5968865206004
19 GRIN2D 48393986 gene 19 33 0 0.0355956549692164 7.26813802870716
19 GYS1 48878108 gene 19 34 0 0.0187565506881585 4.74657903540116
19 NUP62 49984554 gene 19 34 0 0.0183244283335484 4.55738706324688
19 HAS1 51724663 gene 19 35 0 0.0717560209180232 10.3367149711102
19 PPP2R1A 52143866 gene 19 35 0 0.172174640561545 18.4179280713732
19 NDUFA3 54040935 gene 19 36 0 0.035698838924822 5.11858731906879
19 ZNF784 55814256 gene 19 38 0 0.0209005764576196 4.70022640900995
19 ZFP28 56552547 gene 19 38 0 0.130246423397826 20.8486123690394
19 NAT14 55503289 gene 19 38 0 0.0207673408641177 4.6415595747706
19 SHISA7 55587642 gene 19 38 0 0.0256401993530579 6.4903887629408
19 UBE2S 55297357 gene 19 38 0 0.0206280223476936 4.5784914294574
19 ZNF772 57491596 gene 19 39 0 0.0523336948556761 5.88795571335054
19 ZNF749 57428251 gene 19 39 0 0.0949425899810001 11.4712615432196
19 ZNF418 58026093 gene 19 39 0 0.0598690544664911 7.10792703800688
19 ZNF132 58452101 gene 19 39 0 0.0618837777110822 7.24335006583324
19 ZNF586 57797333 gene 19 39 0 0.0488518286147261 5.04630381382372
19 ZNF544 58240891 gene 19 39 0 0.0586723032145667 7.00021015188256
19 ZNF552 57798962 gene 19 39 0 0.0492144537872746 5.11031506469285
20 TBC1D20 369284 gene 20 1 0 0.0843368011681276 7.92781199076003
20 C20orf96 276245 gene 20 1 0 0.192755400657807 15.8346130370213
20 PSMF1 1413576 gene 20 2 0 0.0794925227155039 14.2888668160014
20 FAM110A 1031712 gene 20 2 0 0.0468093283576734 8.4838713386841
20 AVP 3098355 gene 20 3 0 0.0468938101849663 4.61198244194091
20 SNRPB 2626873 gene 20 3 0 0.0577455354091938 6.60790255086199
20 FASTKD5 3033566 gene 20 3 0 0.0582916304012285 6.62924398967666
20 ZNF343 2510563 gene 20 3 0 0.0631356494251306 7.32335284420356
20 CHGB 6143466 gene 20 5 0 0.111389974450848 11.0681570674172
20 TMX4 8088777 gene 20 6 0 0.112065202999404 6.82374312829076
20 PLCB4 9010724 gene 20 7 0 0.053662794175285 4.84294186083444
20 NDUFAF5 13645146 gene 20 10 0 0.0670812170623275 4.96151120050894
20 PCSK2 17315361 gene 20 12 0 0.0540452941257481 8.51125128245083
20 DZANK1 18557827 gene 20 13 0 0.0549868672172174 8.61224819744415
20 RBBP9 18499447 gene 20 13 0 0.184218955981394 19.7359875916529
20 DSTN 17588246 gene 20 13 0 0.035559885919898 4.53319681835607
20 DTD1 18342988 gene 20 13 0 0.0431529646044796 6.33737670939478
20 CFAP61 20020142 gene 20 14 0 0.051580533094534 8.62333052292914
20 SLC24A3 19068311 gene 20 14 0 0.107047810412365 15.4314200496166
20 COMMD7 32762102 gene 20 19 0 0.123852705433529 13.8233627107829
20 MAPRE1 33091575 gene 20 20 0 0.0535455779190301 4.83443836133013
20 EIF6 35270969 gene 20 21 0 0.0717102447001382 6.17325226539087
20 TRPC4AP 34976886 gene 20 21 0 0.0753433247736083 5.50919323372599
20 PPP1R16B 38681144 gene 20 23 0 0.189565307704892 19.2298587324359
20 IFT52 43662927 gene 20 27 0 0.185525063128726 18.8368379762552
20 TOMM34 44863634 gene 20 28 0 0.191956193008172 24.4122812652849
20 PHACTR3 59779713 gene 20 34 0 0.157101197837763 18.790474197796
20 RPS21 62465612 gene 20 36 0 0.0361680422911956 4.84922875841819
20 CDH4 61331248 gene 20 36 0 0.0572845550971563 9.08159029079205
20 PTK6 63469110 gene 20 37 0 0.0526634264728263 6.34854985196719
20 PCMTD2 64281506 gene 20 38 0 0.0557913752156595 6.01871208867409
20 GMEB2 63756853 gene 20 38 0 0.0549780667373716 5.88302404406369
21 HSPA13 14443064 gene 21 1 0 0.0963410996978732 6.30406211809257
21 IL10RB 33230000 gene 21 14 0 0.0865270533161303 11.0384591452673
21 TTC3 37219010 gene 21 17 0 0.178575571636914 13.8012013186333
21 HLCS 37011696 gene 21 17 0 0.103316372311391 8.55227911057867
21 ETS2 38946905 gene 21 18 0 0.0373394704417483 4.57016158608639
21 LCA5L 39387956 gene 21 19 0 0.114722638787339 11.2428992844507
21 MX1 41248593 gene 21 20 0 0.0297482985499199 5.29700282634512
21 FAM3B 41317710 gene 21 20 0 0.0517483205248004 10.3790940399995
21 UMODL1 42089532 gene 21 21 0 0.0478471013581285 5.05942627354136
21 RSPH1 42374076 gene 21 21 0 0.0456541563196918 4.62748338477908
21 UBE2G2 45018580 gene 21 23 0 0.105378568139658 12.8575482874928
21 LSS 46312666 gene 21 24 0 0.110154964345336 11.8483682385042
21 PCNT 46468443 gene 21 24 0 0.0543281970978906 5.24898724430366
22 HDHD5 17149499 gene 22 1 0 0.0640801780238349 5.93064858363115
22 ADA2 17195895 gene 22 2 0 0.0905526025003601 7.9334375124719
22 COMT 19952504 gene 22 4 0 0.024483858290515 4.81757797157059
22 TXNRD2 19952504 gene 22 4 0 0.024483858290515 4.81757797157059
22 DDT 23955100 gene 22 6 0 0.0716213057854113 4.91230146659205
22 CABIN1 24184517 gene 22 6 0 0.0792358416538046 5.85407966410437
22 SPECC1L 24270867 gene 22 6 0 0.0707786800307474 4.80220061155773
22 RNF215 30127328 gene 22 10 0 0.103314330770227 15.1073165533912
22 SFI1 31517285 gene 22 11 0 0.161582461255646 13.4721074077514
22 SELENOM 31079565 gene 22 11 0 0.071950611037627 5.64021887656959
22 MYH9 36424677 gene 22 14 0 0.113893655927593 13.6880559063499
22 IFT27 36857197 gene 22 14 0 0.0465439413144726 5.34602346417241
22 CSNK1E 38116237 gene 22 15 0 0.0399394621167372 5.38255899473231
22 NPTXR 38831829 gene 22 15 0 0.211014540287267 22.0505371670759
22 FAM227A 38586437 gene 22 15 0 0.0561338438021009 7.8202729942167
22 RPL3 39126660 gene 22 16 0 0.0581926529177271 8.14965748938067
22 SYNGR1 39345835 gene 22 16 0 0.104866413441296 14.3698615026975
22 L3MBTL2 41099703 gene 22 17 0 0.00698378436354474 14.3183844057669
22 RRP7A 42585672 gene 22 18 0 0.0534010245241943 6.56724166229093
22 CYB5R3 42696614 gene 22 18 0 0.0618252579516241 8.0037367952066
22 PACSIN2 42775909 gene 22 18 0 0.0481989986202346 5.58199067891791
22 A4GALT 42717787 gene 22 18 0 0.0462053021052176 5.32202311083209
22 SHISAL1 44171860 gene 22 19 0 0.0529794341053552 7.75924251477996
22 PNPLA3 44186384 gene 22 19 0 0.0504964731590996 7.31636714188133
22 FAM118A 45317139 gene 22 20 0 0.0368970645156643 5.68203892922672
22 GRAMD4 46620097 gene 22 21 0 0.119955311977053 7.41302588933338
1 CD46 207821084 gene 1 105 1 0.51987079867372 19.6242419979338
1 CD55 207281251 gene 1 105 0 0.0305647593867254 5.04535200722242
3 SERPINI1 167735203 gene 3 103 1 0.846437617378195 19.1595648515183
8 CYP7B1 64699204 gene 8 49 1 0.837236725120299 27.6612511376658
