chrom id pos type region_tag1 region_tag2 cs_index susie_pip mu2
1 1 ATAD3C 1436079 gene 1 1 0 0.0535442551411476 5.38241740537071
2 1 RER1 2290738 gene 1 2 0 0.0372550113569919 8.06140967236058
3 1 SPSB1 9519905 gene 1 7 0 0.0876139235617402 5.0362707566406
4 1 MAD2L2 11693757 gene 1 8 0 0.0809744398659605 8.97122592765699
5 1 CROCC 17134229 gene 1 12 0 0.114792101549916 11.568629864372
6 1 NBPF3 21449004 gene 1 15 0 0.0755258457689417 6.91644094012432
7 1 FUCA1 23834287 gene 1 17 0 0.125619997528488 12.2043131108471
8 1 CLIC4 25031720 gene 1 17 0 0.0851143578868663 8.57237728871612
9 1 SERINC2 31408625 gene 1 20 0 0.033792658328984 9.12174851609302
10 1 MARCKSL1 32433929 gene 1 21 0 0.0520016640635087 5.24548424208263
11 1 STK40 36207757 gene 1 22 0 0.0261984462509096 6.27113900650614
12 1 GNL2 37522652 gene 1 23 0 0.095643537290614 10.13723643596
13 1 TRIT1 39757456 gene 1 25 0 0.0235265703026203 6.89610585036519
14 1 MFSD2A 39830208 gene 1 25 0 0.160216814515188 23.2594292371116
15 1 ZNF691 43058596 gene 1 26 0 0.073736980421121 6.5321519929303
16 1 PTCH2 44710502 gene 1 28 0 0.094266975985935 4.95811606848903
17 1 MROH7 54769314 gene 1 34 0 0.0315104307148072 4.87550017522016
18 1 LRRC42 54142679 gene 1 34 0 0.0303808169616855 4.54556008473355
19 1 PRKAA2 56643987 gene 1 36 0 0.0397229968236077 5.71447590597917
20 1 ANGPTL3 62817783 gene 1 39 0 0.0555538714483285 5.32632991175596
21 1 CACHD1 64510568 gene 1 40 0 0.0532606333305377 4.62208222574461
22 1 LEPR 65503379 gene 1 41 0 0.0327307259816554 5.32155930704911
23 1 LRRC40 70410592 gene 1 44 0 0.0758136128285626 8.04105012548337
24 1 FPGT 74238829 gene 1 47 0 0.0502514752213001 8.55614784123256
25 1 TYW3 74789807 gene 1 47 0 0.0448807623164151 7.52725967289755
26 1 SLC44A5 75473113 gene 1 47 0 0.0524746619015364 8.9507964921412
27 1 SPATA1 84464483 gene 1 52 0 0.0433842419016649 4.48282841934163
28 1 ODF2L 86465846 gene 1 53 0 0.0784201299741202 8.68106988652109
29 1 GBP2 89045873 gene 1 54 0 0.0546162935874015 4.77051789353967
30 1 HFM1 91224622 gene 1 55 0 0.0362268938854099 7.59073013259039
31 1 CDC7 91556054 gene 1 56 0 0.0569691251720499 4.5236737442903
32 1 SLC44A3 94875888 gene 1 58 0 0.0358082173261499 5.02735235425978
33 1 CELSR2 109070184 gene 1 67 0 0.0501565994774414 6.30753059419255
34 1 SLC25A24 108194680 gene 1 67 0 0.368043208604492 25.1899956088178
35 1 KCND3 111956412 gene 1 69 0 0.151051022264546 18.8872288304743
36 1 TRIM45 117026768 gene 1 72 0 0.0303517077229201 7.73788261087414
37 1 POLR3GL 145917528 gene 1 73 0 0.0462742765407739 8.32408515002163
38 1 S100A10 151985668 gene 1 74 0 0.130632962734212 8.04924441667868
39 1 SCAMP3 155288961 gene 1 76 0 0.0836308950024857 13.0370574717066
40 1 MGST3 165630223 gene 1 81 0 0.326264568470501 22.2646736223912
41 1 ADCY10 167770118 gene 1 82 0 0.0337103827852873 7.08127337330342
42 1 VAMP4 171671748 gene 1 84 0 0.0358507863633788 4.61861392780705
43 1 SLC9C2 173656571 gene 1 85 0 0.0560047070891347 11.1417438009814
44 1 RABGAP1L 174790709 gene 1 85 0 0.0492637091188286 5.40564473411226
45 1 MRPS14 174813385 gene 1 85 0 0.0591401193173236 6.39947244217215
46 1 TNR 175738820 gene 1 86 0 0.0429512906511001 14.2659235363957
47 1 TOR1AIP1 179817250 gene 1 89 0 0.0570697632995 11.5048146537121
48 1 AXDND1 179356371 gene 1 89 0 0.0260218912237825 4.54112711097986
49 1 FAM163A 179578033 gene 1 89 0 0.0380643999330453 7.92365038065308
50 1 RNASEL 182590629 gene 1 90 0 0.0534759340565774 5.84840402890956
51 1 ODR4 186296816 gene 1 92 0 0.0817082251348479 10.4768949723512
52 1 PDC 186318322 gene 1 92 0 0.0480438608588566 5.7323443553763
53 1 NEK7 198323673 gene 1 99 0 0.0534382863998747 5.31333887778775
54 1 KLHL12 202940534 gene 1 102 0 0.0621636004961451 4.67405909573575
55 1 PM20D1 205798757 gene 1 104 0 0.242052268511604 20.9833897152486
56 1 SERTAD4 210146030 gene 1 106 0 0.0750342539274934 11.4660628365704
57 1 CAMK1G 209397448 gene 1 106 0 0.0351239803724451 4.54294718112136
58 1 LPGAT1 211507488 gene 1 107 0 0.0332827230168894 4.48351806562936
59 1 VASH2 212967056 gene 1 108 0 0.151174578933417 16.6323334567096
60 1 CNIH3 224514811 gene 1 114 0 0.021887055654404 5.0012821117734
61 1 EPHX1 225810609 gene 1 115 0 0.0748755464959043 9.71886143274331
62 1 LEFTY1 225841073 gene 1 115 0 0.04194982785185 4.50661895616351
63 1 SRP9 225571941 gene 1 115 0 0.0507547538293383 6.15304730758284
64 1 ABCB10 229634109 gene 1 117 0 4.10782519111308e-14 5.90154440881829
65 1 IRF2BP2 234596243 gene 1 121 0 0.055537810829062 4.66720031920293
66 1 B3GALNT2 235558528 gene 1 121 0 0.190047695247584 15.9429326740991
67 1 GPR137B 236143525 gene 1 122 0 0.0659196560992577 7.32279288645276
68 1 EFCAB2 245035798 gene 1 129 0 0.0624373371560317 7.71477619281538
69 1 ZNF670 246794212 gene 1 130 0 0.0703601591775748 12.4242006716332
70 1 OR2L13 247868464 gene 1 131 0 0.0680729567565724 8.7428286430926
71 1 OR2L5 247937246 gene 1 131 0 0.0509622372048936 6.09514860125987
72 1 OR2L2 247965627 gene 1 131 0 0.057457450647977 7.18994282923858
73 1 OR2L3 247965627 gene 1 131 0 0.0574574506479771 7.18994282923859
74 1 ZNF695 247185804 gene 1 131 0 0.129384559084034 14.7119063763881
75 2 PXDN 1712059 gene 2 1 0 0.154194178171526 19.4400507550412
76 2 TMEM18 683030 gene 2 1 0 0.0305526616600336 4.51654373863056
77 2 EIPR1 3482230 gene 2 2 0 0.0387889060930275 9.58051423169834
78 2 MYT1L 1783386 gene 2 2 0 0.0215378560513296 4.56272196447872
79 2 RNASEH1 3763349 gene 2 2 0 0.0228342849209902 5.09255188738039
80 2 TAF1B 9843557 gene 2 6 0 0.0437124272378632 6.94591733697172
81 2 HS1BP3 20384009 gene 2 12 0 0.0671089514516445 6.0089832884792
82 2 RHOB 20428970 gene 2 12 0 0.184646487946755 15.5089887350311
83 2 YPEL5 30043816 gene 2 18 0 0.188948894846755 16.935901450065
84 2 LCLAT1 30773327 gene 2 19 0 0.122179651644917 8.49547352698074
85 2 CAPN13 30558224 gene 2 19 0 0.0938071324854965 6.02627314065526
86 2 EHD3 31444664 gene 2 20 0 0.0990729944300154 10.5590441586182
87 2 RMDN2 37921933 gene 2 24 0 0.113080184410138 10.3341254494097
88 2 SLC8A1 40265648 gene 2 26 0 0.15192764063455 24.4597572367306
89 2 PRKCE 45978181 gene 2 28 0 0.214188461234095 21.6733495258549
90 2 PIGF 46636204 gene 2 29 0 0.370675145079735 23.1525196303273
91 2 EPCAM 47364630 gene 2 30 0 0.0364340328448866 4.47845570204332
92 2 ACYP2 54002681 gene 2 35 0 0.0484830095791277 15.0186255145156
93 2 FAM161A 61818056 gene 2 40 0 0.0393050308666838 9.14234316387411
94 2 C2orf74 61292030 gene 2 40 0 0.024573048074445 5.00920274079702
95 2 PELI1 64153963 gene 2 41 0 0.154942253615888 16.8242697428543
96 2 MPHOSPH10 71147071 gene 2 47 0 0.0224410417884133 5.28137864864009
97 2 ALMS1 73807904 gene 2 48 0 0.0443999375798265 10.6351906754365
98 2 MRPL19 75651385 gene 2 49 0 0.0452053670364072 5.52102698114792
99 2 GCFC2 75648792 gene 2 49 0 0.0427732604628167 4.93364218881441
100 2 LRRTM4 77624666 gene 2 50 0 0.0375460030629319 4.89078998008191
101 2 MRPL35 86223017 gene 2 54 0 0.0394012191946216 4.46566211737634
102 2 IMMT 86027145 gene 2 54 0 0.0464993061253645 5.97015780272464
103 2 VAMP5 85365718 gene 2 54 0 0.0653889490199963 9.0831176232006
104 2 THNSL2 88181085 gene 2 55 0 0.0611924849202468 4.81916012435074
105 2 ANKRD36 97354835 gene 2 57 0 0.194496513880371 15.5619513053603
106 2 TSGA10 99087810 gene 2 58 0 0.0313877984337562 5.37220998788988
107 2 INPP4A 98420839 gene 2 58 0 0.0500921061313082 9.64968610330304
108 2 SLC9A2 102767528 gene 2 60 0 0.0644213547222922 5.87273962699427
109 2 RGPD8 112539162 gene 2 66 0 0.0566146653467745 8.00820618780554
110 2 SLC35F5 113756932 gene 2 67 0 0.0485540396201397 8.46461645217947
111 2 RAB6C 129897530 gene 2 77 0 0.0605714723116138 4.61074451894158
112 2 CCNT2 134918338 gene 2 80 0 0.113814236307359 6.85005520948817
113 2 ACMSD 134709307 gene 2 80 0 0.0884673283821045 4.50329576561227
114 2 ORC4 147929492 gene 2 88 0 0.0251638056776518 8.49695315669719
115 2 NEB 151319745 gene 2 90 0 0.141341899471652 13.5143892679662
116 2 ARL6IP6 152616921 gene 2 91 0 0.0698121220098587 7.24380791085532
117 2 GALNT13 153690410 gene 2 92 0 0.050759391552847 5.69376221326743
118 2 SCN7A 166646963 gene 2 102 0 0.0216628256755835 5.84793798357485
119 2 KLHL23 169742815 gene 2 103 0 0.086860208292067 10.0047730186419
120 2 DYNC1I2 171718502 gene 2 104 0 0.154059987037479 21.7117780333581
121 2 PDK1 172435945 gene 2 105 0 0.0154248080840047 4.47511678269483
122 2 WIPF1 174680270 gene 2 105 0 0.0196471526117872 6.35144806241019
123 2 CHN1 174932456 gene 2 106 0 0.0597119919876948 10.4907902403108
124 2 SESTD1 179238882 gene 2 108 0 0.0287499847545629 8.26160689627934
125 2 UBE2E3 180725445 gene 2 109 0 0.0591081816929122 5.00187127302519
126 2 INPP1 190234769 gene 2 113 0 0.0556024694298748 4.75120971772794
127 2 STAT4 191261464 gene 2 114 0 0.0241452631585305 12.357647116725
128 2 ANKRD44 197304119 gene 2 117 0 0.0467060012938659 30.0998990604284
129 2 TMEM237 201675939 gene 2 119 0 0.0924760848947643 8.82699333856045
130 2 FLACC1 201603909 gene 2 119 0 0.0629505603756067 5.28228453385146
131 2 MDH1B 206707092 gene 2 122 0 0.017800285832634 4.49993647153915
132 2 INO80D 205882444 gene 2 122 0 0.01832829505162 4.77603238117278
133 2 C2orf80 207994211 gene 2 123 0 0.0768644903699298 5.2002567533159
134 2 ATIC 215314528 gene 2 127 0 0.0619526476754178 8.44134813562492
135 2 PTPRN 219229829 gene 2 129 0 0.0616728699752729 5.03652101424866
136 2 USP40 233555852 gene 2 137 0 0.167456375375899 17.8108859423451
137 2 NGEF 233002956 gene 2 137 0 0.0378885570891505 5.25884399431149
138 2 RAMP1 237857488 gene 2 141 0 0.0637293103979325 4.77810037514497
139 2 GPC1 240449129 gene 2 142 0 0.071660603368525 10.9967653540143
140 2 FARP2 241194463 gene 2 143 0 0.0589613261222994 4.9933156971175
141 2 SEPTIN2 241195261 gene 2 143 0 0.0625996730572769 5.54133858937616
142 3 SUMF1 4361853 gene 3 3 0 0.028985346648729 4.54664332700504
143 3 SYN2 12218313 gene 3 9 0 0.0338122924448979 5.1235264503058
144 3 ATG7 11249929 gene 3 9 0 0.0339009890437807 4.98829656525604
145 3 RAF1 12337656 gene 3 9 0 0.0364871929705928 5.77285390810602
146 3 VGLL4 11987565 gene 3 9 0 0.0324987346968377 4.59342416445998
147 3 C3orf20 14616091 gene 3 10 0 0.0316656990579749 4.80313697706611
148 3 IQSEC1 13052897 gene 3 10 0 0.0387648684905212 6.63436967999921
149 3 CHCHD4 14152930 gene 3 10 0 0.0305028206103597 4.46495195098518
150 3 GALNT15 16138050 gene 3 11 0 0.127339492993619 11.2192335392827
151 3 METTL6 15362471 gene 3 11 0 0.0642983772974013 4.87721708023199
152 3 EFHB 20001342 gene 3 14 0 0.0452332912479012 4.50621998115745
153 3 RAB5A 19908893 gene 3 14 0 0.251832859659529 20.6676603850173
154 3 STT3B 31508266 gene 3 23 0 0.0218982633835451 5.13943184263652
155 3 MYRIP 39806850 gene 3 28 0 0.0656857355167714 8.02331810526522
156 3 LARS2 45399788 gene 3 32 0 0.0488612795047825 4.48950929469512
157 3 ALS2CL 46745187 gene 3 33 0 0.0630752116819362 6.44582520945057
158 3 ZNF589 48132163 gene 3 34 0 0.169651965440614 18.1508514783401
159 3 PLXNB1 48539050 gene 3 34 0 0.119247680641072 14.8366198036096
160 3 HYAL2 50547568 gene 3 35 0 0.0354299761494676 5.85383168655029
161 3 NISCH 52447390 gene 3 36 0 0.0258286061544943 5.09854630140049
162 3 ITIH4 52796748 gene 3 36 0 0.102185955693549 27.5030885397191
163 3 ACY1 52226766 gene 3 36 0 0.0238547589423059 4.49064769987993
164 3 LRTM1 55104579 gene 3 37 0 0.0999800733311068 11.8268967452149
165 3 PTPRG 61827016 gene 3 41 0 0.0299272907285846 10.939798322426
166 3 PRICKLE2 64419315 gene 3 43 0 0.0465795010195393 10.7536812187151
167 3 TAFA1 68681315 gene 3 46 0 0.0601385176925602 4.48218932944862
168 3 SHQ1 72529811 gene 3 49 0 0.10471476052308 15.1372289338197
169 3 CD47 108103634 gene 3 67 0 0.292707537217086 25.5240940159238
170 3 TMPRSS7 112009717 gene 3 69 0 0.0511324348706815 6.05011363351188
171 3 SLC35A5 112830993 gene 3 69 0 0.0506628940240936 5.96603766169863
172 3 C3orf52 112317906 gene 3 69 0 0.0724138439123894 9.23549703737978
173 3 GRAMD1C 113913037 gene 3 70 0 0.0746332948201979 4.57919466683473
174 3 UPK1B 119268082 gene 3 74 0 0.0316238412564823 4.7789774560155
175 3 SEC22A 123290538 gene 3 76 0 0.0702930339027128 4.98924084430876
176 3 TXNRD3 126570363 gene 3 79 0 0.0954194662338684 15.0665193067474
177 3 CHCHD6 127104241 gene 3 79 0 0.0345035834733353 5.92954471079488
178 3 CPNE4 131714233 gene 3 81 0 0.0744055995061443 5.26896221179279
179 3 ANAPC13 134454249 gene 3 83 0 0.0462685738456795 5.6916722638124
180 3 SRPRB 133923227 gene 3 83 0 0.0427743622871704 4.97796988914094
181 3 SLC35G2 136791424 gene 3 84 0 0.130355295287352 21.3965747000761
182 3 RBP1 139535029 gene 3 85 0 0.0570793546346247 7.30703596675676
183 3 PIK3CB 138971991 gene 3 85 0 0.131521811357528 15.0440781108574
184 3 ARMC8 137966524 gene 3 85 0 0.0905709770175008 11.5543938936592
185 3 FAIM 138642183 gene 3 85 0 0.0853615338589767 11.005720798173
186 3 CLSTN2 140441556 gene 3 86 0 0.0938495007989003 7.77796515973123
187 3 HLTF 148920597 gene 3 91 0 0.0395693912060727 6.55662283278566
188 3 GPR171 151102213 gene 3 93 0 0.199151848961503 15.3644294109697
189 3 GFM1 158603091 gene 3 98 0 0.0541797797291275 4.75731906834594
190 3 SPTSSB 161220146 gene 3 99 0 0.159104046041742 18.1815951506686
191 3 ZBBX 167317026 gene 3 102 0 0.0472851466254267 6.9642830101181
192 3 WDR49 167708872 gene 3 103 0 0.391310762633569 23.9394555764601
193 3 PLD1 171800081 gene 3 105 0 0.0815452728953505 6.18643789469063
194 3 MFN1 179442087 gene 3 110 0 0.0783095205442184 5.02511001989737
195 3 KCNMB3 179268660 gene 3 110 0 0.0846383180080727 5.74286124629942
196 3 ALG3 183993892 gene 3 112 0 0.102506550784186 14.5259293269321
197 3 CHRD 184366487 gene 3 113 0 0.0544583003781203 4.46263565376727
198 3 CLCN2 184487856 gene 3 113 0 0.171324344822606 14.8600530886917
199 3 ST6GAL1 186929974 gene 3 114 0 0.10870214507537 13.5876260104446
200 3 LPP 188147312 gene 3 115 0 0.0300652629704618 7.67281466173146
201 3 SST 187881884 gene 3 115 0 0.0454490395055228 10.6359574568262
202 3 ACAP2 195062800 gene 3 119 0 0.482585836297128 23.5626612990451
203 3 MUC20 195929860 gene 3 120 0 0.138186503149655 11.2092871219408
204 3 APOD 195576613 gene 3 120 0 0.0665785983850483 4.48156332371705
205 4 PDE6B 655850 gene 4 1 0 0.0608299938877169 6.85821000933635
206 4 ZNF718 102685 gene 4 1 0 0.0607523531244215 7.18485169690186
207 4 RNF212 1064488 gene 4 2 0 0.0690103541562762 10.3556868131568
208 4 FAM193A 2680551 gene 4 3 0 0.166133385451481 13.0625348171518
209 4 LRPAP1 3481310 gene 4 4 0 0.0833297044777814 10.5592346451887
210 4 ADD1 3041741 gene 4 4 0 0.134984476230262 15.0659459220832
211 4 GRK4 2989137 gene 4 4 0 0.115516516100444 13.5988019385112
212 4 TMEM128 4428916 gene 4 5 0 0.215049094929514 16.9556700992734
213 4 NSG1 4502741 gene 4 5 0 0.0854592263159707 8.18499762345257
214 4 SLC2A9 10016355 gene 4 11 0 0.061947063060771 4.46395991036551
215 4 C1QTNF7 15541388 gene 4 15 0 0.0586429464495767 4.47692437243469
216 4 QDPR 17514065 gene 4 17 0 0.112497264162263 12.3468269214706
217 4 PPARGC1A 24068929 gene 4 20 0 0.0669294205268376 8.09036556191956
218 4 RFC1 39502949 gene 4 32 0 0.0753579279765115 4.56763588880468
219 4 BEND4 42386903 gene 4 34 0 0.374841044713835 25.4752920293947
220 4 ATP10D 47501938 gene 4 37 0 0.0839090162251203 9.28776012999926
221 4 SGCB 51879793 gene 4 38 0 0.109628988560829 10.4404220868644
222 4 SRD5A3 55350848 gene 4 40 0 0.0657685017816712 4.85099320648541
223 4 EXOC1 55681245 gene 4 40 0 0.134969958234057 11.5355804430406
224 4 THEGL 56746192 gene 4 41 0 0.0265579213184108 4.70827148923584
225 4 EPHA5 65758994 gene 4 46 0 0.0556854409764248 4.52474670263904
226 4 TMPRSS11D 67714206 gene 4 47 0 0.102154053921259 9.40852731424408
227 4 UBA6 67614216 gene 4 47 0 0.128222277675823 11.5394578868243
228 4 GNRHR 67614216 gene 4 47 0 0.128222277675823 11.5394578868243
229 4 ANKRD17 73235985 gene 4 50 0 0.12994543312483 14.9620417426424
230 4 NAAA 76116807 gene 4 51 0 0.0715329591534376 11.3695950470347
231 4 CCNI 77314168 gene 4 52 0 0.0463464774937382 6.42457477779679
232 4 HNRNPDL 82192603 gene 4 55 0 0.0630025784518371 4.55613543730359
233 4 PTPN13 86745763 gene 4 59 0 0.0536612372601083 5.62030585285074
234 4 FAM13A 89072213 gene 4 60 0 0.0781162850517752 5.53680158960097
235 4 GRID2 93704368 gene 4 63 0 0.0737732284965469 10.2224270700236
236 4 RNF150 140831806 gene 4 93 0 0.0521603310697275 8.1033174014378
237 4 FNIP2 158698883 gene 4 102 0 0.042062206959384 4.75159955001956
238 4 CFAP97 185157869 gene 4 119 0 0.027386158366383 4.49306911891156
239 4 PRIMPOL 184691799 gene 4 119 0 0.799089693327927 19.3813142593902
240 4 KLKB1 186191672 gene 4 120 0 0.0434410616288896 4.62610535782748
241 4 CYP4V2 186191475 gene 4 120 0 0.0427539996679915 4.4805178276607
242 5 NKD2 1096258 gene 5 2 0 0.147445962728637 12.4826946809159
243 5 MED10 6519154 gene 5 6 0 0.0498997292683434 4.94607596590002
244 5 TENT4A 6723433 gene 5 6 0 0.0859452301420244 9.93423045256368
245 5 MTRR 7849480 gene 5 7 0 0.0434868744166826 4.96483844210796
246 5 DAP 10576125 gene 5 9 0 0.0696154542332834 6.58756246996971
247 5 CDH18 20412967 gene 5 15 0 0.0566898072527681 5.7669249319177
248 5 AMACR 34023107 gene 5 23 0 0.0658536058234291 5.07692268474628
249 5 DEPDC1B 60550136 gene 5 36 0 0.029557172127087 8.9391454103316
250 5 SREK1 66307811 gene 5 40 0 0.059008149529425 6.80580675384454
251 5 CWC27 64953073 gene 5 40 0 0.0613522414139455 7.16231374834009
252 5 CCDC125 69402271 gene 5 42 0 0.0775549614159286 4.6024690297093
253 5 POC5 75745537 gene 5 44 0 0.057277329791351 5.9788182818388
254 5 MTX3 79957023 gene 5 46 0 0.170104141306177 18.8633215045194
255 5 MSH3 80657762 gene 5 47 0 0.0727168971311023 4.58558482937349
256 5 KIAA0825 94638571 gene 5 56 0 0.0536365006013219 4.4677676954695
257 5 FER 108726088 gene 5 64 0 0.103037886684473 11.9510745294222
258 5 TMEM232 110716798 gene 5 65 0 0.0326308346033161 4.46215901235333
259 5 MCC 113489980 gene 5 67 0 0.0517690597194478 5.01056654920391
260 5 ATG12 115831016 gene 5 69 0 0.0795188388572038 7.7910434277486
261 5 ALDH7A1 126544147 gene 5 77 0 0.381644095636047 26.0702933852064
262 5 TXNDC15 134887903 gene 5 80 0 0.0428812326712553 5.69000738617182
263 5 SPATA24 139203160 gene 5 82 0 0.0161931341427647 6.0655584611524
264 5 PCDHA6 140859624 gene 5 83 0 0.031500327204859 7.04177538419007
265 5 PCDHB7 140970255 gene 5 83 0 0.0565893557976115 8.62445821816016
266 5 DELE1 141930259 gene 5 84 0 0.0371808925568732 6.12593045418639
267 5 GRPEL2 149591063 gene 5 88 0 0.0561071966940852 6.32890224934482
268 5 MFAP3 154067265 gene 5 90 1 0.402015062382328 24.5368517059364
269 5 PWWP2A 160049278 gene 5 94 0 0.183865649068765 13.5024124080161
270 5 SPDL1 169688587 gene 5 101 0 0.0984024306004317 9.6761186192159
271 5 CDHR2 176658390 gene 5 106 0 0.0552616775163657 4.62762490138829
272 5 NHP2 178254650 gene 5 107 0 0.11152413404396 8.93917853603272
273 5 RUFY1 179566565 gene 5 108 0 0.0562167862068274 6.59383779628398
274 6 SERPINB9 2903275 gene 6 3 0 0.0719330396731398 5.19785474537154
275 6 ECI2 4107221 gene 6 4 0 0.186201301037189 16.1702238097629
276 6 LYRM4 5170473 gene 6 5 0 0.0569278681444592 4.66025934175901
277 6 RREB1 6990441 gene 6 7 0 0.110260734205719 8.25393294752809
278 6 TMEM14B 10890790 gene 6 10 0 0.101712654595714 9.28982825189888
279 6 NEDD9 11092625 gene 6 10 0 0.0602821088420765 4.46320282721752
280 6 RIPOR2 24708295 gene 6 18 0 0.204056190203507 16.9721479267073
281 6 ZNF391 27389912 gene 6 21 0 0.271849928515195 23.9305655418148
282 6 ZSCAN26 28128502 gene 6 22 0 0.0528255746405509 32.9016331129745
283 6 HLA-F 29706041 gene 6 23 0 0.0649600375295152 13.0394669633878
284 6 HLA-A 29949896 gene 6 24 0 0.0158585619915828 18.5643440202556
285 6 TUBB 30770631 gene 6 24 0 0.019332496181334 49.5676631048138
286 6 FLOT1 30479897 gene 6 24 0 0.0564087305123446 129.594124940375
287 6 HLA-B 31384336 gene 6 25 0 0.0183848019927864 8.52115171107175
288 6 CLIC1 31518530 gene 6 25 0 0.0256881011180955 7.06540057484453
289 6 LY6G5C 31667933 gene 6 26 0 0.000135602826306314 9.18158245362651
290 6 HLA-DRB1 32446513 gene 6 26 0 0.000136680983148674 15.9079253135271
291 6 HLA-DMA 32839713 gene 6 27 0 0.0691410847908395 59.4666891750708
292 6 TAP2 32802356 gene 6 27 0 0.0763772658776513 12.3340541575401
293 6 B3GALT4 33088961 gene 6 27 0 0.0520265645106178 10.7049457262546
294 6 RPS10 34569192 gene 6 28 0 0.17930051085437 27.9709369490715
295 6 UQCC2 33760978 gene 6 28 0 0.0123240186524016 7.0231845592215
296 6 LEMD2 33683545 gene 6 28 0 0.133439221808716 29.4868740460894
297 6 KIF6 39617080 gene 6 31 0 0.23954276742252 16.1840263756222
298 6 GUCA1B 42185871 gene 6 33 0 0.102776812162882 14.0972732232167
299 6 PRPH2 42699309 gene 6 33 0 0.0964805145934072 13.8913712476253
300 6 SUPT3H 45061861 gene 6 34 0 0.0526764434658858 4.53693564312582
301 6 TMEM63B 44228255 gene 6 34 0 0.0529653698397418 4.58683249899249
302 6 TDRD6 46495432 gene 6 35 0 0.024674441554265 4.61581815550234
303 6 ENPP5 46113761 gene 6 35 0 0.0439697181756655 9.238012795398
304 6 MMUT 49224338 gene 6 37 0 0.0606703900104046 7.04138819214726
305 6 TRAM2 52571894 gene 6 39 0 0.167733299158841 15.6885899264037
306 6 PRIM2 57322623 gene 6 42 0 0.0670966291924814 9.03389360919569
307 6 MYO6 75809785 gene 6 52 0 0.0805675840718171 4.63177036308949
308 6 IBTK 82234390 gene 6 56 0 0.0825589046205201 7.70393184390142
309 6 PM20D2 88923327 gene 6 60 0 0.16731724690065 11.1438642603168
310 6 UBE2J1 89330828 gene 6 61 0 0.043027842378206 7.29648574307797
311 6 FBXL4 98870319 gene 6 67 0 0.148829310690217 18.3746530413112
312 6 CCNC 99346326 gene 6 67 0 0.119417085699711 16.2919073737493
313 6 BEND3 106993108 gene 6 71 0 0.0907510024022201 9.07903855768976
314 6 RSPH4A 116760425 gene 6 77 0 0.112482126668613 9.27819957000769
315 6 NT5DC1 116106651 gene 6 77 0 0.135808631070296 11.0525570413693
316 6 SLC35F1 118169271 gene 6 78 0 0.0520205370232848 4.55965906121765
317 6 CEP85L 118704004 gene 6 79 0 0.196599042129914 16.5339408907742
318 6 NKAIN2 124557605 gene 6 83 0 0.0428905625345454 5.72727415731482
319 6 AHI1 135418217 gene 6 89 0 0.0570824866990656 4.4655249871045
320 6 ALDH8A1 135045742 gene 6 89 0 0.0873453783187187 8.37634872370058
321 6 PEX7 137031382 gene 6 90 0 0.0744930677166963 5.18573382325871
322 6 HIVEP2 142861605 gene 6 94 0 0.0228528478144636 7.53396227122248
323 6 LTV1 143835332 gene 6 94 0 0.0164581831426123 4.63533987575841
324 6 SASH1 148147740 gene 6 96 0 0.0404836831425772 8.56790931187415
325 6 MTHFD1L 150984170 gene 6 98 0 0.151145152439167 17.8288305694591
326 6 ARID1B 156953536 gene 6 102 0 0.0487726187203407 7.74678917622475
327 6 EZR 158803002 gene 6 103 0 0.0442846898309548 7.54279675880581
328 6 LPA 160700271 gene 6 104 0 0.0524813220523583 5.03357052013379
329 6 SFT2D1 166470493 gene 6 108 0 0.0479262266134656 5.76014956873855
330 6 CCR6 167092786 gene 6 109 0 0.0745707380309966 4.46260410900186
331 6 WDR27 169833673 gene 6 111 0 0.0813120821692656 5.09998221876043
332 6 FAM120B 170275315 gene 6 112 0 0.0483529033847965 4.72659199106655
333 6 PSMB1 170492390 gene 6 112 0 0.093966834903477 10.8290508046577
334 7 GPR146 806392 gene 7 1 0 0.0900622689486539 10.2234170319896
335 7 ZFAND2A 1305364 gene 7 2 0 0.130607303296375 13.2187793864344
336 7 SNX8 2386106 gene 7 4 0 0.0431281376178558 14.9820415386189
337 7 RAC1 6294790 gene 7 8 0 0.0495584448407465 4.49604976765842
338 7 C1GALT1 7286172 gene 7 9 0 0.0508550292161593 5.19038608896346
339 7 COL28A1 7606175 gene 7 9 0 0.154333306247799 15.4095887161169
340 7 ZNF12 6612557 gene 7 9 0 0.233443924194933 19.1881364261273
341 7 NDUFA4 10971985 gene 7 12 0 0.126110917431426 14.4017430325839
342 7 THSD7A 11899602 gene 7 13 0 0.0549459029373316 7.41518624408351
343 7 HDAC9 19236660 gene 7 17 0 0.0509851983359966 8.58224989564532
344 7 SP8 20954872 gene 7 19 0 0.0264292213766915 8.55858255079614
345 7 NUP42 23140513 gene 7 20 0 0.0546079869763898 4.46656198169568
346 7 NPY 24324714 gene 7 21 0 0.0240386178037478 5.08566954724532
347 7 STK31 23710903 gene 7 21 0 0.0312836055276217 13.5941045170016
348 7 HIBADH 27845275 gene 7 23 0 0.0548526434741503 7.92909549533528
349 7 BBS9 33603806 gene 7 26 0 0.027815090707726 4.94204932345071
350 7 PSMA2 42739077 gene 7 31 0 0.226445803356126 17.5935410783008
351 7 GLI3 42251871 gene 7 31 0 0.0694669347387046 6.41029115065532
352 7 TMED4 44586064 gene 7 32 1 0.624705885053922 19.506443990643
353 7 YKT6 44275919 gene 7 32 0 0.0505474499340161 4.67981078155437
354 7 UPP1 47988538 gene 7 35 0 0.232644372951943 23.0652341619754
355 7 ZPBP 50329156 gene 7 36 0 0.0277558916031533 5.79385416732925
356 7 CHCHD2 55887212 gene 7 40 0 0.0652079667332586 6.15390791843734
357 7 SUMF2 56110215 gene 7 40 0 0.0588696279287265 5.21752999902586
358 7 ZNF273 64904488 gene 7 43 0 0.0556136241297441 4.48820268814793
359 7 ZNF107 64665954 gene 7 43 0 0.279525237297563 19.8262665278942
360 7 RABGEF1 66448070 gene 7 44 0 0.0129261447445718 4.46542802866907
361 7 STX1A 73627310 gene 7 47 0 0.0793636270270517 9.8664386551228
362 7 ZP3 76590629 gene 7 48 0 0.072184567963558 8.67836781150034
363 7 POMZP3 76553414 gene 7 48 0 0.0609719147130592 7.12955304590429
364 7 CD36 80643252 gene 7 51 0 0.065038289660258 8.8841602798616
365 7 PCLO 82906797 gene 7 52 0 0.0200861514115916 6.0234702984399
366 7 CYP51A1 91873524 gene 7 56 0 0.392453826318532 22.9821800921528
367 7 ZKSCAN1 100010406 gene 7 61 0 0.108273131977012 8.53896425069945
368 7 PILRA 100348762 gene 7 61 0 0.0823051804454623 5.99133960156411
369 7 PILRB 100504025 gene 7 61 0 0.0964142151481409 7.45760066999995
370 7 SAP25 100518255 gene 7 61 0 0.119719521535306 9.4808253910314
371 7 SMURF1 99220174 gene 7 61 0 0.0823295844698617 5.9940787197771
372 7 ORAI2 102441839 gene 7 63 0 0.133107533345839 12.8592971505289
373 7 CUX1 101632926 gene 7 63 0 0.0836856910744021 8.52418925197133
374 7 FAM185A 102784448 gene 7 63 0 0.0546077022596994 4.60462780855697
375 7 NAMPT 106278416 gene 7 66 0 0.0762664054444301 8.09845587280399
376 7 PRKAR2B 106810309 gene 7 66 0 0.0553352444518036 5.15646614635646
377 7 TES 116210408 gene 7 70 0 0.0469337979216378 9.68185411615211
378 7 ANKRD7 118144936 gene 7 71 0 0.0679440616829259 5.34304811617297
379 7 LRGUK 134063482 gene 7 81 0 0.241552841835646 18.451094794536
380 7 AGBL3 134740802 gene 7 82 0 0.0521405954218165 4.7924226662098
381 7 TBXAS1 139998009 gene 7 85 0 0.0602547029055017 8.14083653125777
382 7 MGAM 141829811 gene 7 88 0 0.0921827698515352 7.91197459841413
383 7 TPK1 144380523 gene 7 89 0 0.0396910203813277 4.5314699160753
384 7 ZNF775 150385254 gene 7 93 0 0.102478569199387 8.89573757857731
385 7 XRCC2 152655054 gene 7 95 0 0.047780680187816 6.11284910352416
386 7 RBM33 155533890 gene 7 97 0 0.17977060712942 17.8288454804505
387 8 ERICH1 663232 gene 8 1 0 0.072867702856624 7.8184092926701
388 8 KBTBD11 2040429 gene 8 3 0 0.0458583136479941 4.55566475612595
389 8 AGPAT5 6711741 gene 8 10 0 0.0942592307091377 8.66652303336311
390 8 ERI1 8994371 gene 8 11 0 0.0493176973447884 4.71958265054995
391 8 TNKS 10002570 gene 8 13 0 0.0543996620795804 6.01021411343928
392 8 SLC7A2 17485938 gene 8 18 0 0.028994512655816 5.10756504842535
393 8 MTMR7 17329786 gene 8 18 0 0.042549151086838 10.650082593357
394 8 PCM1 17926905 gene 8 19 0 0.0716024457561587 5.07583698536867
395 8 PSD3 18991423 gene 8 20 0 0.0237373523031219 5.42788662562267
396 8 TNFRSF10C 23020813 gene 8 23 0 0.179938815816385 13.5355397887659
397 8 SLC39A14 22163524 gene 8 23 0 0.0946699348396935 7.46164085443774
398 8 SLC25A37 23625165 gene 8 24 0 0.0431621886449721 6.77147787263658
399 8 ZNF395 28203860 gene 8 27 0 0.0313444461966947 4.71259029043732
400 8 FUT10 33504546 gene 8 32 0 0.0212488795282336 4.65467757061256
401 8 SNTG1 50426201 gene 8 40 0 0.0440724416518299 11.1960836384449
402 8 UBXN2B 58506292 gene 8 45 0 0.0520377039595926 4.91155490736159
403 8 ARMC1 65413766 gene 8 49 0 0.084044094970945 9.53328681855372
404 8 C8orf34 68228531 gene 8 50 0 0.0984276583324342 18.2144460515986
405 8 PREX2 68007228 gene 8 50 0 0.0223670647312376 4.70586946229243
406 8 XKR9 70904583 gene 8 52 0 0.106512890582701 7.51410463613158
407 8 MSC 71622927 gene 8 53 0 0.194498845841513 15.5410067928514
408 8 GDAP1 74457310 gene 8 54 0 0.0517916832633556 4.46218908023853
409 8 C8orf89 73414251 gene 8 54 0 0.133654767444497 13.2386513508735
410 8 PI15 74959825 gene 8 55 0 0.0787585539038505 6.16622056172065
411 8 ZC2HC1A 78606744 gene 8 57 0 0.0350163944123278 5.79940779822835
412 8 SNX16 81782265 gene 8 59 0 0.117345544043802 10.2711465650389
413 8 MTERF3 96246491 gene 8 67 0 0.0382170333836517 5.74823320163247
414 8 ANKRD46 100265151 gene 8 68 0 0.105758612785213 8.57701647909777
415 8 SNX31 100665880 gene 8 69 0 0.0314502012507797 5.38510272030246
416 8 FZD6 103284077 gene 8 70 0 0.151156899821897 12.6895105729373
417 8 EIF3E 108588281 gene 8 74 0 0.0558996193718885 5.09408163797431
418 8 DEPTOR 119874305 gene 8 79 0 0.0523129893879284 5.16591794441329
419 8 TNFRSF11B 119122069 gene 8 79 0 0.0834605254148805 9.45232049259688
420 8 CCN3 119203697 gene 8 79 0 0.0486007477780026 4.49523297503897
421 8 TBC1D31 123160767 gene 8 80 0 0.0245721830024205 5.18094870877353
422 8 FER1L6 123609521 gene 8 80 0 0.0234886469235344 4.77454508121271
423 8 TMEM65 124617581 gene 8 81 0 0.0987454988570965 8.5156282725282
424 8 LRATD2 126309104 gene 8 83 0 0.0375854623174453 5.97784843999581
425 8 TRAPPC9 140453958 gene 8 92 0 0.0404676070512125 5.9095106848027
426 8 PTK2 140423394 gene 8 92 0 0.0361451192546295 4.88550847317061
427 8 RHPN1 143392960 gene 8 94 0 0.0381599299215983 5.52221877838559
428 8 FAM83H 143685001 gene 8 94 0 0.0359174318033157 6.00710145124257
429 9 AK3 4734393 gene 9 5 0 0.0571178843092244 4.93917901738801
430 9 SPATA6L 4670338 gene 9 5 0 0.0917443985190717 9.29977000693833
431 9 ERMP1 5579213 gene 9 6 0 0.0627699417892509 7.49325109607973
432 9 MLANA 5892859 gene 9 6 0 0.0575288167762693 6.69544230799145
433 9 ZDHHC21 14679208 gene 9 12 0 0.134671549954812 23.2594873295807
434 9 SNAPC3 15333008 gene 9 13 0 0.0396351127811262 5.03240789109148
435 9 CCDC171 15648150 gene 9 13 0 0.0444845102419814 6.04633699547856
436 9 SH3GL2 17567910 gene 9 14 0 0.0340184510574388 4.4719631051184
437 9 LINGO2 29313168 gene 9 22 0 0.24280115806984 21.4018081970196
438 9 DNAJA1 32984393 gene 9 25 0 0.171875413050483 14.2639582641001
439 9 B4GALT1 33215075 gene 9 25 0 0.205964441438695 22.4399525204193
440 9 GLIPR2 36137056 gene 9 27 0 0.103029880569709 14.8395473827942
441 9 ZCCHC7 37365421 gene 9 28 0 0.0966387487940476 16.0691107931943
442 9 IGFBPL1 38340563 gene 9 28 0 0.0344894097378229 4.97510230965762
443 9 PTAR1 69723694 gene 9 30 0 0.0641150987362852 6.53768654862242
444 9 PIP5K1B 68498534 gene 9 30 0 0.0520368177921623 4.46845492501378
445 9 NMRK1 75092384 gene 9 35 0 0.100850509721563 16.5620057930519
446 9 GNA14 77881682 gene 9 37 0 0.0900661051910197 7.02308749683646
447 9 SYK 90797069 gene 9 46 0 0.0600006091449234 5.88909547541132
448 9 CENPP 92204204 gene 9 47 0 0.0230113774622056 7.64323408024427
449 9 OGN 92282396 gene 9 47 0 0.0266460040692406 9.02685284869463
450 9 ECM2 92261257 gene 9 47 0 0.0231709546038328 7.70439324023301
451 9 CORO2A 98185706 gene 9 49 0 0.0340032583061883 6.40188526460054
452 9 TBC1D2 98299357 gene 9 49 1 0.0913739628565606 23.0932718593678
453 9 PLPPR1 101224307 gene 9 50 0 0.0615632063930339 11.6101590587257
454 9 ZNF189 101440521 gene 9 50 0 0.0310923138020929 5.40099977157619
455 9 TMEM245 109122688 gene 9 55 0 0.0855348177740023 15.8475247133526
456 9 PTGR1 111489626 gene 9 56 0 0.0496396943169365 6.68380486905087
457 9 SHOC1 111665983 gene 9 56 0 0.0415521849583468 5.06674854734487
458 9 SUSD1 112174892 gene 9 57 0 0.0866255790140301 8.83825771953124
459 9 HSDL2 112510326 gene 9 57 0 0.0537225198648554 5.41433065736917
460 9 HDHD3 113378480 gene 9 58 0 0.062513445106775 4.52813533387243
461 9 SLC31A2 113155506 gene 9 58 0 0.122756531578167 10.7827801494197
462 9 SLC31A1 113356437 gene 9 58 0 0.0658681879916723 5.00726756089965
463 9 ASTN2 116960978 gene 9 60 0 0.172759026170182 23.8848913447159
464 9 DAB2IP 121807966 gene 9 62 0 0.0270016826302233 5.15033402772168
465 9 NEK6 124333424 gene 9 64 0 0.0572580372689849 5.57107082240866
466 9 NUP188 129093747 gene 9 66 0 0.0206556992579742 4.69031877062487
467 9 FNBP1 130241233 gene 9 67 0 0.0777416712143153 6.98302758715749
468 9 SURF1 133433609 gene 9 70 0 0.0803195351182621 10.0652287940206
469 9 REXO4 133655947 gene 9 70 0 0.112381511593773 13.1868445962834
470 9 ENTR1 136362695 gene 9 73 0 0.0611252543476933 5.20241261699111
471 10 TUBB8 220433 gene 10 1 0 0.0745674036407844 8.99393785155448
472 10 AKR1C2 4921135 gene 10 6 0 0.05345353239653 6.41573576792218
473 10 FAM171A1 15261335 gene 10 13 0 0.0437388502888167 6.2961656193736
474 10 DCLRE1C 15193658 gene 10 13 0 0.0388905727714286 5.21511364181592
475 10 ACBD7 14985536 gene 10 13 0 0.0359833957071576 4.49782945166521
476 10 JCAD 29942213 gene 10 22 0 0.0568181173952521 4.46797135328875
477 10 EPC1 32198439 gene 10 24 0 0.0416384908406458 8.12007657044107
478 10 CCDC7 32421409 gene 10 24 0 0.052219579332106 10.7974812641115
479 10 FZD8 35869609 gene 10 26 0 0.19487262613209 15.6159269862583
480 10 MAPK8 48515090 gene 10 32 0 0.0827580978293423 8.13488607107501
481 10 WASHC2A 50072988 gene 10 33 0 0.046805473461442 4.99157066954278
482 10 PHYHIPL 59014576 gene 10 39 0 0.052543314539132 5.46705306201167
483 10 DNA2 68374253 gene 10 45 0 0.0616025454805937 6.17729721240522
484 10 STOX1 68684179 gene 10 46 0 0.180684699868428 20.1429436560811
485 10 PSAP 71851225 gene 10 48 0 0.18277485115652 11.5530564931005
486 10 ECD 73282378 gene 10 48 0 0.139730531118897 8.97972661654163
487 10 LRMDA 75397731 gene 10 49 0 0.0433509353389295 7.07683285736623
488 10 SFTPD 80006029 gene 10 51 0 0.0592377040988853 5.72863641823848
489 10 LIPA 89427876 gene 10 57 0 0.193518335754427 15.9402249270277
490 10 SLC35G1 93729561 gene 10 60 0 0.132530648343042 12.5738149639424
491 10 FRA10AC1 93710330 gene 10 60 0 0.0554124979719253 4.49386591877283
492 10 ACSM6 95471614 gene 10 61 0 0.0522399991362472 4.91614405211543
493 10 PDZD7 101032154 gene 10 64 0 0.0814566715766267 12.8494693367122
494 10 C10orf95 102404453 gene 10 65 0 0.0529114008674826 8.12864074117814
495 10 AS3MT 102863296 gene 10 66 0 0.0283977496921903 14.2164791087647
496 10 CFAP43 103927874 gene 10 66 0 0.0128658599929167 6.58766829082657
497 10 NT5C2 103303522 gene 10 66 0 0.014999973472004 11.3804495296254
498 10 MXI1 110207086 gene 10 69 0 0.0669275218774671 5.98526768593273
499 10 ENO4 116997628 gene 10 72 0 0.0336922973333761 5.02072177959206
500 10 SHTN1 116997843 gene 10 72 0 0.0378170634608676 6.06652873357176
501 10 DENND10 119143701 gene 10 74 0 0.0498369498146319 5.01933123557584
502 10 SFXN4 119150624 gene 10 74 0 0.153795304075922 15.4803406141107
503 10 WDR11 120919170 gene 10 75 0 0.0658398224904931 4.54735534856456
504 10 BTBD16 122275515 gene 10 77 0 0.0435827452844204 7.89263873999476
505 10 HTRA1 122477822 gene 10 77 0 0.0368337985217549 6.39281966765682
506 10 GPR26 123581079 gene 10 77 0 0.0310115262488134 4.83079631610219
507 10 ABRAXAS2 125014129 gene 10 78 0 0.0544866350449097 9.68460305285763
508 10 MGMT 129474017 gene 10 81 0 0.0827841215606257 5.15412988696591
509 10 C10orf143 130199704 gene 10 82 0 0.0742721237017618 5.33843175352228
510 10 CALY 133250526 gene 10 85 0 0.118851666264706 8.1696294581931
511 10 SCART1 133419150 gene 10 85 0 0.0926558658899844 5.84540929132429
512 10 PAOX 133218872 gene 10 85 0 0.106549626891812 7.1462261566986
513 11 IFITM2 492677 gene 11 1 0 0.0901009222465529 8.29190171386425
514 11 PSMD13 230368 gene 11 1 0 0.0653200625700376 5.32714449880783
515 11 ZNF195 3457723 gene 11 2 0 0.0268520897108773 5.67218962598052
516 11 STIM1 3828874 gene 11 3 0 0.148755454152209 9.34741524349709
517 11 TIMM10B 6274374 gene 11 4 0 0.0499261069224376 5.0948531280839
518 11 HPX 6234708 gene 11 4 0 0.131567756036607 14.0568045169364
519 11 STK33 8635774 gene 11 7 0 0.0664217883089974 4.5640369904216
520 11 USP47 11680242 gene 11 9 0 0.0323637037113441 4.60503682437611
521 11 PARVA 12368431 gene 11 9 0 0.0470951418407182 8.00712602283613
522 11 GALNT18 11485493 gene 11 9 0 0.0391535384691859 6.32964102596929
523 11 PIK3C2A 17252894 gene 11 12 0 0.0538566192870787 12.6307878366974
524 11 GAS2 22662994 gene 11 16 0 0.0469865584670438 5.52104223920458
525 11 METTL15 28273300 gene 11 19 0 0.0750195978216722 12.2468045853279
526 11 APIP 34870724 gene 11 23 0 0.0568479270349424 5.06074331206776
527 11 ACCS 44066439 gene 11 27 0 0.0603114036821982 10.8416353754194
528 11 PTPRJ 48070424 gene 11 29 0 0.0326093205530881 8.21156549112659
529 11 CELF1 47478848 gene 11 29 0 0.0480698519224697 15.2084951293289
530 11 PLAAT3 63598917 gene 11 35 0 0.0474945416621175 5.01735788591809
531 11 TMEM179B 62957050 gene 11 35 0 0.0459000761073789 4.98307491105665
532 11 ASRGL1 62542114 gene 11 35 0 0.0436042641595346 4.47920850421936
533 11 SNX32 65897729 gene 11 36 0 0.0245642722816333 6.8677349604117
534 11 MACROD1 64359758 gene 11 36 0 0.0217869648224929 4.88564711166286
535 11 AP5B1 65722155 gene 11 36 0 0.0247980606537442 5.54261195219805
536 11 RAD9A 67453394 gene 11 37 0 0.098166588327981 9.21428295093845
537 11 MRPL21 68954693 gene 11 38 0 0.0652033615232801 5.85831101809066
538 11 PPFIA1 70391924 gene 11 39 0 0.289075944550528 22.8254656527151
539 11 PPME1 73948361 gene 11 41 0 0.0376558181371679 5.09668553154003
540 11 PGM2L1 74554169 gene 11 41 0 0.0358822839304402 4.72423049198824
541 11 SPCS2 74791735 gene 11 42 0 0.0276248734380999 4.90846303653881
542 11 EMSY 76419382 gene 11 42 0 0.0268046726403626 4.80250254070272
543 11 MYO7A 77155541 gene 11 43 0 0.0810058922933694 6.43614573441654
544 11 ALG8 78154890 gene 11 43 0 0.35486532606424 20.8116285013213
545 11 ANKRD42 82945527 gene 11 46 0 0.023624502243373 6.25572228014479
546 11 SYTL2 85910363 gene 11 47 0 0.040305728303013 5.65341759347708
547 11 ME3 86916004 gene 11 48 0 0.103430338440597 9.04289379161048
548 11 CTSC 88556052 gene 11 49 0 0.0335595386664134 4.49489224683491
549 11 NAALAD2 90114708 gene 11 50 0 0.116842446719342 9.10860156583979
550 11 DEUP1 93415782 gene 11 52 0 0.226954678599228 16.2909456489653
551 11 VSTM5 93850909 gene 11 53 0 0.0589654932587614 4.48103375180892
552 11 CCDC82 96364768 gene 11 55 0 0.116307050723522 7.77702163434677
553 11 RAB39A 108135455 gene 11 63 0 0.0509519225594698 5.17667697775372
554 11 ARHGAP20 110860870 gene 11 65 0 0.0752853117464835 5.30866621165852
555 11 BCO2 112168859 gene 11 66 0 0.0601015284534057 5.95169717636475
556 11 TTC12 113290360 gene 11 67 0 0.0460473128662774 22.8010093640158
557 11 HINFP 119091520 gene 11 71 0 0.0606856292423001 7.85539252542295
558 11 FOXRED1 126309624 gene 11 77 0 0.0299272358089642 7.92436622075699
559 11 RPUSD4 126364925 gene 11 77 0 0.0410721552718384 10.689784715495
560 11 FLI1 128793936 gene 11 80 0 0.0355137863716103 4.53915169243225
561 11 SNX19 130894514 gene 11 81 0 0.458293048261487 21.8413507596664
562 12 ERC1 1008517 gene 12 2 0 0.0335236232531732 8.56927566026292
563 12 ITFG2 2771120 gene 12 3 0 0.0775394238324167 4.76898258767421
564 12 AKAP3 4717287 gene 12 5 0 0.0576658855695869 4.55734222212452
565 12 SLC2A3 8037083 gene 12 7 0 0.0408919957595139 5.31301093594545
566 12 CLSTN3 7135026 gene 12 7 0 0.0806661378047151 11.5863861098371
567 12 CLEC2D 9685402 gene 12 9 0 0.0702575181401393 5.25130210545802
568 12 PRH1 10941104 gene 12 10 0 0.0789597895526936 5.16949084792159
569 12 BORCS5 12328547 gene 12 11 0 0.10357493775044 11.6388186186717
570 12 DUSP16 12465270 gene 12 11 0 0.216248189515015 18.6705203708613
571 12 GOLT1B 21495136 gene 12 16 0 0.0174969117076201 4.6104107050173
572 12 CCDC91 28119368 gene 12 19 0 0.063541079418529 5.2323435154617
573 12 DDX11 31091912 gene 12 21 0 0.147505140914123 16.8472369766384
574 12 ALG10B 38466761 gene 12 24 0 0.107011716498309 7.0993473446505
575 12 LRRK2 40036798 gene 12 25 0 0.0602856430562025 6.40914367817453
576 12 ABCD2 39501632 gene 12 25 0 0.0499309825219534 4.68850657267617
577 12 ADAMTS20 43424737 gene 12 27 0 0.0360479791008664 7.32009314042409
578 12 ZCRB1 42411004 gene 12 27 0 0.0962353706515908 16.310198467813
579 12 TUBA1B 49111401 gene 12 31 0 0.0221394823903952 4.57579557394776
580 12 PRPH 49284746 gene 12 31 0 0.0227339349601085 4.71287257767419
581 12 BCDIN3D 49806166 gene 12 31 0 0.0228562544436121 4.78701985139703
582 12 CERS5 50183134 gene 12 31 0 0.0800861894273547 16.8841044090321
583 12 RPS26 56076841 gene 12 35 0 0.0696606317855866 8.08015563774189
584 12 OS9 57704079 gene 12 36 0 0.090039141301986 10.2052934795852
585 12 TMBIM4 66158118 gene 12 40 0 0.0717082178314002 6.85085231711036
586 12 MYRFL 69751691 gene 12 43 0 0.262042713633115 19.1706614656138
587 12 TBC1D15 71982085 gene 12 44 0 0.0468393756070563 8.45370704064335
588 12 GLIPR1L2 75375089 gene 12 46 0 0.0237534720299748 5.68892846859312
589 12 PHLDA1 76227876 gene 12 47 0 0.0762081608246028 11.8472316875157
590 12 MRPL42 93488521 gene 12 55 0 0.208597805216567 25.0246193222504
591 12 EEA1 92743284 gene 12 55 0 0.0294890218216123 7.33378711871049
592 12 CCDC38 95818317 gene 12 57 0 0.0736453579880955 5.15316527797947
593 12 CFAP54 96894316 gene 12 58 0 0.0601849026191608 8.74677615162821
594 12 WASHC3 102061951 gene 12 61 0 0.10708812796146 7.39286064077617
595 12 WASHC4 105065129 gene 12 63 0 0.167914582914212 14.9742711552215
596 12 RIC8B 106937868 gene 12 65 0 0.121086399799013 17.4383801701711
597 12 SVOP 108973589 gene 12 66 0 0.0203878448402914 4.57175203149385
598 12 RPH3A 113084080 gene 12 68 0 0.0586486462789299 5.48526902970202
599 12 RNFT2 116689735 gene 12 72 0 0.0592351638932059 4.52298813913651
600 12 KSR2 118017028 gene 12 73 0 0.0868219078920414 13.9282383149283
601 12 COX6A1 120599638 gene 12 74 0 0.0226007526014869 5.95251561116164
602 12 ZNF664 124230711 gene 12 75 0 0.00991876613651987 4.53564793360158
603 12 ABCB9 122763708 gene 12 75 0 0.012013787229783 7.74635872446663
604 12 PIWIL1 130324000 gene 12 80 0 0.0427507730716796 4.4808817789407
605 12 PGAM5 132488642 gene 12 82 0 0.0665925423462215 6.0432927482022
606 13 MTIF3 27390043 gene 13 7 0 0.146130392456919 19.2172543711137
607 13 KATNAL1 30035327 gene 13 9 0 0.0796831629121948 11.897448206684
608 13 N4BP2L2 32424473 gene 13 10 0 0.105368750910464 6.79425724952825
609 13 RFC3 33883195 gene 13 11 0 0.0724434123182005 4.7458804497758
610 13 CCDC122 44010833 gene 13 17 0 0.0628942334850157 9.1276881097999
611 13 ENOX1 43887094 gene 13 17 0 0.050018326733373 10.9504541083722
612 13 RCBTB1 49600880 gene 13 21 0 0.467991501830291 18.951234842054
613 13 EBPL 49662232 gene 13 21 0 0.0340610980028642 6.1971784719994
614 13 RNASEH2B 50910309 gene 13 21 0 0.0804294106122931 13.0477853568964
615 13 CKAP2 52419277 gene 13 22 0 0.0834069194297075 6.84138262066591
616 13 MZT1 72836530 gene 13 35 0 0.0410392151136965 6.6060293856931
617 13 SLAIN1 77697437 gene 13 38 0 0.162180855820377 13.8766627559476
618 13 TPP2 102690142 gene 13 52 0 0.0547150461249558 7.04164188088893
619 13 CDC16 114255036 gene 13 62 0 0.0490045703524841 4.6907221236553
620 13 UPF3A 114334995 gene 13 62 0 0.0820960923056491 8.34746447705367
621 14 RPGRIP1 21308361 gene 14 2 0 0.0931969443692975 10.2657677235238
622 14 KHNYN 24435396 gene 14 3 0 0.0507985732295587 6.38997530439492
623 14 DHRS1 24316854 gene 14 3 0 0.0444661501860831 5.1782874417201
624 14 TM9SF1 24173139 gene 14 3 0 0.0411202537138608 4.46780424962473
625 14 HAUS4 22898976 gene 14 3 0 0.158403839656197 16.9591560186182
626 14 SCFD1 30649148 gene 14 7 0 0.0735137324645588 16.5202983410532
627 14 NPAS3 33561646 gene 14 8 0 0.310279369193745 32.5505319540178
628 14 PRORP 35091333 gene 14 9 0 0.0947725351416126 12.1735425994621
629 14 SRP54 34749419 gene 14 9 0 0.257351751721553 19.5766845932644
630 14 EAPP 34377946 gene 14 9 0 0.155911314935039 14.0096981603254
631 14 BAZ1A 34706965 gene 14 9 0 0.334474929537142 18.6913014972849
632 14 MIA2 39368523 gene 14 11 0 0.073988271582658 8.31219631265927
633 14 MDGA2 47032630 gene 14 17 0 0.036366037647046 4.94531348135055
634 14 FBXO34 55353073 gene 14 24 0 0.0612841773908016 8.58287872904091
635 14 ATG14 55154398 gene 14 24 0 0.0841212912377412 12.857078254258
636 14 KTN1 55780875 gene 14 25 0 0.0521560811621518 6.92763759108396
637 14 C14orf39 60616616 gene 14 27 0 0.0576147469515782 11.559385406172
638 14 CCDC175 59577345 gene 14 27 0 0.273919887645915 24.3902485983232
639 14 PPM1A 60216369 gene 14 27 0 0.0291264762926465 5.70971566870721
640 14 VASH1 76596189 gene 14 35 0 0.0522633153888474 4.46925640393691
641 14 CIPC 77125010 gene 14 36 0 0.0557020417301287 4.68124690169655
642 14 SNW1 77823747 gene 14 36 0 0.0554190136525957 4.63473068214555
643 14 SPATA7 88484662 gene 14 44 0 0.0474476174017326 6.50038510152868
644 14 TTC8 88647777 gene 14 44 0 0.0441608363379277 6.12978276258544
645 14 CATSPERB 91797327 gene 14 46 0 0.0493089125390731 6.83140918033794
646 14 AK7 96591304 gene 14 50 0 0.0275877852219467 4.82974888611028
647 14 VRK1 96681315 gene 14 50 0 0.0563342649117122 11.3072251672181
648 14 CCDC85C 99723086 gene 14 52 0 0.0239285905338014 8.77576697197829
649 14 SLC25A29 100157933 gene 14 52 0 0.080733991836887 19.358056426
650 14 WDR20 102142527 gene 14 53 0 0.0520860508179383 7.34389060082357
651 14 MARK3 103517957 gene 14 54 0 0.046101769076147 16.9955416913144
652 14 TNFAIP2 102910491 gene 14 54 0 0.113080551407813 16.3451183053065
653 14 PPP1R13B 103762893 gene 14 54 1 0.163528796505293 37.6373551416802
654 15 ZNF770 35226509 gene 15 11 0 0.0440131309689664 6.12446957540459
655 15 NDUFAF1 41378210 gene 15 15 0 0.0673333909158006 5.34272633379342
656 15 JMJD7 41937434 gene 15 15 0 0.229168100054202 16.3560919936296
657 15 TTBK2 42817187 gene 15 16 0 0.0599882059495105 10.9161798587878
658 15 GATM 45428399 gene 15 17 0 0.0541620181895494 5.53553860925279
659 15 SLC28A2 45333281 gene 15 17 0 0.0533945643264126 5.45277411190785
660 15 MYO5C 52224480 gene 15 21 0 0.0702473414759367 7.90637772778656
661 15 SCG3 51478648 gene 15 21 0 0.0531359454138143 5.37292232843143
662 15 WDR72 53759797 gene 15 22 0 0.0513655671163162 4.65606125792739
663 15 RAB27A 55480574 gene 15 24 0 0.0772072412422996 16.7813662737724
664 15 ALDH1A2 58414712 gene 15 26 0 0.0810937530308047 11.1019244544949
665 15 ICE2 60671132 gene 15 27 0 0.0701883969100629 7.19601320275617
666 15 TLN2 62595486 gene 15 28 0 0.0177755390624226 8.11061686005633
667 15 HERC1 63890993 gene 15 29 0 0.0346504421155994 5.59013247869545
668 15 DAPK2 63970362 gene 15 29 0 0.0424227260203263 7.45613032954816
669 15 IGDCC4 65660007 gene 15 30 0 0.0533646806877959 4.47895219661447
670 15 ANKDD1A 64878841 gene 15 30 0 0.104144464968955 10.6395301042375
671 15 SMAD3 67040129 gene 15 31 0 0.127198384767667 13.7379841863006
672 15 MAP2K5 67642116 gene 15 31 0 0.0651360862093939 8.93764220216009
673 15 UACA 70763262 gene 15 33 0 0.0401934803380811 5.86195477125074
674 15 TLE3 70188625 gene 15 33 0 0.0428719675413924 6.04801239258806
675 15 PTPN9 75633251 gene 15 35 0 0.0395351649884567 6.98213684185482
676 15 CD276 73909576 gene 15 35 0 0.037323051499604 6.54924733293714
677 15 SCAMP2 74984109 gene 15 35 0 0.0716408322351739 12.4783193328034
678 15 CHRNA3 78519756 gene 15 37 0 0.0385778374055863 46.3691018858515
679 15 MTHFS 79914616 gene 15 37 0 0.0401677336406661 14.9672490418309
680 15 CEMIP 80739545 gene 15 38 0 0.0378764642809528 10.42637387431
681 15 ALPK3 84758605 gene 15 39 0 0.0389743977023205 5.98703556672414
682 15 ABHD2 89021271 gene 15 41 0 0.0283313392615739 5.20647564113275
683 15 IDH2 90225088 gene 15 42 0 0.0554952866261033 8.96038697424718
684 15 VPS33B 91137435 gene 15 42 0 0.0356603283295578 4.80634278013795
685 15 RGMA 92912839 gene 15 43 0 0.024420553676278 5.2306256791741
686 15 MEF2A 99512029 gene 15 48 0 0.173184619925012 15.3148012875039
687 15 SYNM 99005022 gene 15 48 0 0.0684673624579508 6.61851868439868
688 15 TTC23 99251134 gene 15 48 0 0.0607280055859928 5.51890331862342
689 15 LINS1 100574435 gene 15 49 0 0.0569383690903782 5.04126874322621
690 15 CERS3 100553562 gene 15 49 0 0.0874440690933279 8.98562149875303
691 15 CHSY1 101395097 gene 15 50 0 0.0513792295855279 4.46221289385462
692 16 DECR2 414377 gene 16 1 0 0.0635366719759711 4.49276601479279
693 16 HAGHL 719026 gene 16 1 0 0.0830686364560524 6.95893637163845
694 16 METRN 724520 gene 16 1 0 0.227776702703565 16.5524879687139
695 16 UBE2I 1341870 gene 16 2 0 0.0525222956292735 4.50671864036161
696 16 PRSS22 2863142 gene 16 3 0 0.23317810086836 15.4436781916049
697 16 DNASE1 3680460 gene 16 3 0 0.0860813328546293 5.94642802635946
698 16 FLYWCH2 2913316 gene 16 3 0 0.0875156576650238 6.09940887285735
699 16 KREMEN2 2906227 gene 16 3 0 0.0784241560072346 5.08577245681046
700 16 FLYWCH1 2936322 gene 16 3 0 0.126023010583788 9.50403687007806
701 16 SEPTIN12 4799470 gene 16 4 0 0.0810583467424599 13.0676839473174
702 16 ANKS3 4768304 gene 16 4 0 0.0662516963507928 10.9334189394323
703 16 MGRN1 4687980 gene 16 4 0 0.0890313451589441 17.7245232451857
704 16 NPIPB2 11976565 gene 16 12 0 0.723949289579514 18.9381183293609
705 16 NPIPA1 15036083 gene 16 15 0 0.0589901019548241 4.91767813998067
706 16 ZKSCAN2 25399999 gene 16 21 0 0.0270109127732062 4.84977375799083
707 16 BCL7C 30817351 gene 16 24 0 0.0721798805949951 7.58844255052586
708 16 LONP2 48414878 gene 16 26 0 0.0652692087656904 4.4816884826987
709 16 HEATR3 49914721 gene 16 27 0 0.0594771431710581 13.4510751598859
710 16 CPNE2 57079952 gene 16 30 0 0.163296841016894 18.9451464364942
711 16 BBS2 56447370 gene 16 30 0 0.0553610714861818 8.86891956545437
712 16 SLC38A7 58672902 gene 16 31 0 0.0679925691802248 13.825998588087
713 16 CSNK2A2 57945615 gene 16 31 0 0.0433673933593505 5.73094033041635
714 16 GINS3 58249237 gene 16 31 0 0.0702853495820264 9.88380734298242
715 16 IL34 70603092 gene 16 37 0 0.0579340961988785 5.53451088616734
716 16 CYB5B 69498120 gene 16 37 0 0.0526008492141815 4.82724094559705
717 16 EXOSC6 70269677 gene 16 37 0 0.0620864264812155 6.08974284245805
718 16 PMFBP1 72323000 gene 16 38 0 0.137854041465385 14.9603689381807
719 16 IST1 71930902 gene 16 38 0 0.0821663874082902 9.3054396193553
720 16 GABARAPL2 75632044 gene 16 40 0 0.0754914773761012 5.00147222624344
721 16 C16orf46 81008399 gene 16 45 0 0.0426055593210324 4.4851083624919
722 16 ATP2C2 84207001 gene 16 48 0 0.0529898022438931 6.34340970600984
723 16 KLHL36 84651903 gene 16 49 0 0.073614391991395 4.48139087536898
724 16 GSE1 85762233 gene 16 50 0 0.0599901808207282 6.9042914510973
725 16 CYBA 88649934 gene 16 53 0 0.188471863944646 19.5407178242077
726 16 ZNF469 88591743 gene 16 53 0 0.0421339500754149 5.59452458140604
727 16 VPS9D1 89727147 gene 16 54 0 0.0387146260845475 5.24480745750239
728 16 MC1R 89783569 gene 16 54 0 0.0406480896355075 5.99764622857927
729 16 SPG7 89541271 gene 16 54 0 0.0505788954392132 9.23442889413558
730 16 GAS8 89780269 gene 16 54 0 0.0479287883110231 9.85513159843904
731 17 VPS53 944484 gene 17 1 0 0.0636169932660723 5.42553337381949
732 17 C17orf97 429555 gene 17 1 0 0.0629063692284896 5.32261302027552
733 17 P2RX5 3698979 gene 17 3 0 0.0364165703940936 6.15420276812412
734 17 SRR 2304032 gene 17 3 0 0.0582380041186237 10.5330494045158
735 17 MYBBP1A 4382134 gene 17 4 0 0.332627660397809 16.6335338832301
736 17 ELP5 7059192 gene 17 6 0 0.0390230316092171 4.8757712161588
737 17 SENP3 7575897 gene 17 7 0 0.0510367131683271 5.02774955172189
738 17 KRBA2 8368888 gene 17 7 0 0.110322317418636 12.1214240664793
739 17 TMEM220 10795417 gene 17 9 0 0.0629620384630669 4.6789453593974
740 17 MYH3 10439214 gene 17 9 0 0.0649491278484182 4.96371801589734
741 17 SHISA6 11413221 gene 17 10 0 0.0524299015050473 4.84401961456307
742 17 TVP23C 15561365 gene 17 14 0 0.0985027409407703 7.25459612063722
743 17 CDRT4 15561365 gene 17 14 0 0.0985027409407703 7.25459612063722
744 17 WSB1 27295620 gene 17 17 0 0.0527558434697786 4.65069092790596
745 17 FAM222B 28869730 gene 17 17 0 0.158530014176663 13.5974769358731
746 17 EFCAB5 30001801 gene 17 18 0 0.0679384536174742 10.629069063883
747 17 NF1 31440003 gene 17 18 0 0.219290365177493 17.5897633515586
748 17 SYNRG 37833229 gene 17 22 0 0.199631655926038 19.3340188344561
749 17 MED24 39987279 gene 17 23 0 0.0444366753127273 4.58185903605876
750 17 PSME3 43018881 gene 17 25 0 0.08612000204297 8.39370304440862
751 17 BRCA1 43021209 gene 17 25 0 0.105064533266652 10.2413301251982
752 17 MPP2 43927825 gene 17 26 0 0.0722589692107825 6.84320769258223
753 17 DBF4B 44658049 gene 17 26 0 0.0603684095050588 5.1938830025877
754 17 LRRC37A2 46771072 gene 17 27 0 0.0351556108163754 23.3435623064494
755 17 CRHR1 45985878 gene 17 27 0 0.217796016417194 18.7998041809446
756 17 HOXB8 48854833 gene 17 28 0 0.0447775293472041 5.73731669163174
757 17 HOXB7 48592068 gene 17 28 0 0.0647563306416497 9.10402467780876
758 17 CACNA1G 50717733 gene 17 29 0 0.0735382957483272 12.421522007162
759 17 MSI2 57755469 gene 17 34 0 0.120964064864285 17.9952204374268
760 17 CEP112 65517348 gene 17 38 0 0.0421694440346801 4.47848030851112
761 17 ABCA5 69224382 gene 17 39 0 0.0465080917603761 9.54255065372086
762 17 PRKCA 66894870 gene 17 39 0 0.104297344265589 16.9696017151041
763 17 PITPNC1 67466917 gene 17 39 0 0.02663160317057 4.49394849898801
764 17 SLC39A11 72627892 gene 17 41 0 0.019783531878849 4.88528301548577
765 17 RAB37 74466882 gene 17 41 0 0.0195015539154189 4.75614308989724
766 17 HID1 75071387 gene 17 42 0 0.061307235771726 10.1607647946429
767 17 MRPS7 75074310 gene 17 42 0 0.0838200215705573 13.0472010803806
768 17 KCTD2 75029901 gene 17 42 0 0.0746563021969547 11.9967858973578
769 17 RHBDF2 76502680 gene 17 43 0 0.0266159917594233 4.54100652686879
770 17 SOCS3 78461828 gene 17 44 0 0.065005918949832 5.86244143888609
771 17 CCDC40 80036614 gene 17 45 0 0.0321242219762984 4.54400468620083
772 17 CCDC57 82114173 gene 17 47 0 0.0518357620547846 5.11247268348918
773 17 B3GNTL1 82962871 gene 17 47 0 0.0499000788028864 4.76563760492664
774 17 NARF 82434457 gene 17 47 0 0.101041374991429 11.2561048925915
775 18 COLEC12 184704 gene 18 1 0 0.0782666080778479 4.95914870782255
776 18 METTL4 2461449 gene 18 3 0 0.0555237418272707 8.22093715045136
777 18 EPB41L3 5773585 gene 18 4 0 0.0238473221156127 5.6183174297771
778 18 ZNF519 14075456 gene 18 9 0 0.0256540547056925 4.56835917534573
779 18 MPPE1 11906578 gene 18 9 0 0.151768458021743 20.9179448466018
780 18 CEP192 13134998 gene 18 9 0 0.0254517573453266 4.49697014711966
781 18 MEP1B 31984115 gene 18 17 0 0.0291450705183002 4.7718594022621
782 18 FHOD3 36283738 gene 18 20 0 0.13021460708993 11.1381700314944
783 18 RIT2 42919728 gene 18 24 0 0.0291351771766492 4.52479492408899
784 18 DYM 49134339 gene 18 27 0 0.0434510222182745 5.77708510953958
785 18 POLI 54271677 gene 18 30 0 0.000293684462828403 5.17271898143293
786 18 PIGN 61962762 gene 18 34 0 0.173957722332813 14.5166208607652
787 18 KDSR 63129212 gene 18 35 0 0.0791191158957908 6.76310250653066
788 18 PHLPP1 62951058 gene 18 35 0 0.0627196434052103 4.62809844206681
789 18 CCDC102B 68645136 gene 18 39 0 0.0716085598442104 5.10657804207438
790 18 FBXO15 74171351 gene 18 43 0 0.0626874326285147 4.94818155374078
791 18 ZNF516 76697602 gene 18 45 0 0.0801210609016968 8.67786623469051
792 18 GALR1 77256648 gene 18 46 0 0.0446481571175213 4.66142063954209
793 19 PLPP2 290642 gene 19 1 0 0.0499435334527221 4.46347020443501
794 19 APC2 1450404 gene 19 2 0 0.245343019506124 25.0794096776351
795 19 MED16 894722 gene 19 2 0 0.0856098571747557 15.0244138378648
796 19 SCAMP4 1764931 gene 19 2 0 0.0831025701483511 14.7495706404773
797 19 TIMM13 2248684 gene 19 3 0 0.095902335139207 11.9373295919108
798 19 ATCAY 3740660 gene 19 4 0 0.0711854056657819 4.9225004085338
799 19 SIRT6 4230124 gene 19 4 0 0.208525603613893 15.0676598702221
800 19 RPL36 5454752 gene 19 5 0 0.0400915289496246 5.38096200718278
801 19 INSR 7262558 gene 19 7 0 0.216539448349878 17.9085342965819
802 19 PRAM1 8448056 gene 19 8 0 0.0713631249118386 4.83867686550866
803 19 KANK3 8344373 gene 19 8 0 0.0694834238672462 4.59334827390013
804 19 CD320 8493197 gene 19 8 0 0.0692689496369804 4.56494933665589
805 19 ZNF317 8994825 gene 19 8 0 0.0696379686082022 4.61375833184828
806 19 ZNF266 9336357 gene 19 9 0 0.0421626642189887 4.91599903448175
807 19 CDC37 10207300 gene 19 9 0 0.0450840839610591 5.52466880618765
808 19 SMARCA4 11169507 gene 19 9 0 0.0515950753174915 6.75269461818407
809 19 AP1M2 10562664 gene 19 9 0 0.0513865370888834 6.71576994342718
810 19 YIPF2 11153942 gene 19 9 0 0.0724653424422636 9.86250392577441
811 19 ZNF846 9633423 gene 19 9 0 0.0627988870163984 8.54835195532913
812 19 ZNF433 12201136 gene 19 10 0 0.0235840180131434 11.3921669967476
813 19 ZNF20 12163706 gene 19 10 0 0.0178496833120356 8.84658653325909
814 19 MRI1 13761044 gene 19 11 0 0.0637998632962433 5.82912218089552
815 19 PKN1 14541074 gene 19 12 0 0.0859756554849026 7.53492664471858
816 19 ZNF333 14692884 gene 19 12 0 0.0993021964120108 8.71517739251129
817 19 IQCN 18287220 gene 19 14 0 0.0621222293726778 9.57303074363264
818 19 FKBP8 18298673 gene 19 14 0 0.0368232069839037 4.81181513275669
819 19 PGPEP1 18344671 gene 19 15 0 0.0426167317932685 5.89869884124021
820 19 KLHL26 18391176 gene 19 15 0 0.076962779602443 11.7060576875795
821 19 ZNF429 21594904 gene 19 17 0 0.0435979408289949 5.11586036171775
822 19 ZNF708 21283020 gene 19 17 0 0.0411345449815974 4.58770315320164
823 19 ZNF100 21725251 gene 19 17 0 0.176419797009833 18.1115761544241
824 19 ZNF738 21220540 gene 19 17 0 0.0494119037093945 6.25455829894546
825 19 ARHGAP33 35812019 gene 19 24 0 0.127312617308603 16.4661225516684
826 19 LGI4 35136564 gene 19 24 0 0.0359482073238197 4.83154350542742
827 19 SCN1B 35023980 gene 19 24 0 0.101476283858392 14.3402952522154
828 19 TMEM147 35346791 gene 19 24 0 0.0688508057327085 10.7536939496453
829 19 ZNF302 34644604 gene 19 24 0 0.0519958246159722 8.1847194542743
830 19 ZNF566 36583528 gene 19 25 0 0.0448487479778628 4.5662722053153
831 19 ZNF568 36947293 gene 19 25 0 0.0581309774067308 6.93070046693619
832 19 ZNF793 37763958 gene 19 26 0 0.0275008710400853 7.86279052147743
833 19 FBXO27 39016317 gene 19 26 0 0.0347624337167024 9.78112301073708
834 19 RYR1 38426611 gene 19 26 0 0.0207316752255462 5.30725334652222
835 19 ZNF283 43826620 gene 19 30 0 0.110992279306605 7.55522122700437
836 19 ZNF428 43824059 gene 19 30 0 0.081729497997637 4.71073376933548
837 19 ZNF221 43939145 gene 19 30 0 0.0840855875550618 4.97337444684972
838 19 SMG9 43930785 gene 19 30 0 0.079640379440304 4.47167623580381
839 19 CEACAM19 44683693 gene 19 31 0 0.0648767308662345 4.80414379491011
840 19 NKPD1 45154082 gene 19 31 0 0.0625989822777894 4.47662166073008
841 19 HIF3A 46284763 gene 19 32 0 0.140705979533486 10.4603507030199
842 19 SYMPK 45765818 gene 19 32 0 0.0908560110684842 6.36058409998109
843 19 RTN2 45627799 gene 19 32 0 0.077979660880827 4.94738940378185
844 19 C5AR1 47256616 gene 19 33 0 0.163768336058959 21.3641705332737
845 19 SELENOW 47974330 gene 19 33 0 0.0773919801336074 14.7695459560358
846 19 JOSD2 50300146 gene 19 34 0 0.0461259355352507 14.4826711267285
847 19 SHANK1 50441824 gene 19 34 0 0.153988175361771 24.403914016861
848 19 MYH14 50548932 gene 19 34 0 0.258105360664076 29.3350700544769
849 19 LRRC4B 50695965 gene 19 34 0 0.0162161412072462 4.81385334762709
850 19 HAS1 51724760 gene 19 35 0 0.0739184752511691 10.8140451102456
851 19 ZNF577 51870865 gene 19 35 0 0.130961949419593 16.1396621817207
852 19 ZNF610 52260668 gene 19 35 0 0.0382047822557148 4.79052430299232
853 19 ZNF765 53422134 gene 19 36 0 0.101975497910159 15.1751478028368
854 19 ZNF320 52854791 gene 19 36 0 0.0350024125335169 5.6228231031627
855 19 ZNF444 56175584 gene 19 38 0 0.0242082547384771 6.08959856184561
856 19 ZNF787 56293395 gene 19 38 0 0.0218713386781589 5.16586773738659
857 19 ZNF749 57428251 gene 19 39 0 0.0888428838971355 11.4204313674091
858 19 ZNF586 57734463 gene 19 39 0 0.0441517550543903 4.88303397284294
859 19 ZNF135 58061611 gene 19 39 0 0.218627360364512 17.9293001409081
860 19 ZNF772 57492212 gene 19 39 0 0.0973114695621259 12.4722071084196
861 19 ZNF549 57700676 gene 19 39 0 0.0456062678261771 5.2302465295244
862 19 ZNF544 58262705 gene 19 39 0 0.098071762791663 12.5267686973647
863 19 ZNF304 57189285 gene 19 39 0 0.0463609085854686 5.36505845303598
864 19 ZSCAN18 58108480 gene 19 39 0 0.0566795482768266 7.38797083975136
865 20 C20orf96 276245 gene 20 1 0 0.184942271868023 15.6213031324602
866 20 RBCK1 445789 gene 20 1 0 0.0607418415434906 5.19221907117213
867 20 NOP56 2451746 gene 20 2 0 0.0332352151490954 5.69538970820267
868 20 CFAP61 20006282 gene 20 14 0 0.0665144528460627 11.1104270915641
869 20 COMMD7 32881685 gene 20 19 0 0.0451005067098714 4.77571395740633
870 20 TM9SF4 32009128 gene 20 19 0 0.0444791203807869 4.64960205424812
871 20 MMP24OS 35207820 gene 20 21 0 0.0988641628479545 12.9009773640064
872 20 SAMHD1 36920429 gene 20 22 0 0.0602644630332401 4.78257213150514
873 20 LPIN3 41407353 gene 20 25 0 0.0556591861218501 4.76949955153226
874 20 PKIG 44448880 gene 20 28 0 0.0304396192131542 9.01461012339215
875 20 NEURL2 45681499 gene 20 28 0 0.0540394548542572 15.4038933226208
876 20 B4GALT5 49727898 gene 20 30 0 0.0509266865957842 9.40987049034952
877 20 ADNP 50975120 gene 20 31 0 0.0954923191504644 20.9987459180308
878 20 CABLES2 62548474 gene 20 36 0 0.0338351296007642 5.13257048100083
879 20 TAF4 62154989 gene 20 36 0 0.164594403639946 19.7585493598546
880 20 PSMA7 62319814 gene 20 36 0 0.0314207239526926 4.46304221618456
881 20 OSBPL2 62470196 gene 20 36 0 0.0942569089856588 14.5031246428377
882 20 ZGPAT 63463677 gene 20 37 0 0.0401106384982247 4.67726296713683
883 21 CHODL 17814297 gene 21 3 0 0.0465179703157124 4.46253082388441
884 21 TIAM1 31373473 gene 21 13 0 0.104422618121916 12.7027692821585
885 21 PIGP 37128389 gene 21 17 0 0.0678577104760618 4.58582600872683
886 21 TTC3 37231180 gene 21 17 0 0.0831524320923507 6.45788024248906
887 21 HLCS 36933841 gene 21 17 0 0.0989334240959212 8.06950932387412
888 21 VPS26C 37354876 gene 21 18 0 0.0438663487088761 6.4600265321095
889 21 LCA5L 39387956 gene 21 19 0 0.108956601751875 11.0765595365275
890 21 MX2 41358080 gene 21 20 0 0.0262906151258395 4.46223232702749
891 21 TFF3 42455230 gene 21 21 0 0.0402642726977174 4.48633114146291
892 21 WDR4 42787030 gene 21 21 0 0.312917095784822 23.9275109483377
893 21 ADARB1 45007351 gene 21 23 0 0.061250007739817 7.93937596915975
894 21 FTCD 46096437 gene 21 24 0 0.0487705241469237 4.55743539143963
895 21 S100B 46607171 gene 21 24 0 0.0697309937171434 7.82681628593606
896 22 HDHD5 17149596 gene 22 1 0 0.0777364227529473 8.0732335362457
897 22 ADA2 17204304 gene 22 2 0 0.070452420484971 5.87954656087619
898 22 UFD1 19359312 gene 22 3 0 0.0773819256278282 8.24105133433195
899 22 YPEL1 21645003 gene 22 4 0 0.0290921211459845 6.65004225894513
900 22 GSTT2B 23899346 gene 22 6 0 0.0766354932925176 7.06957127013922
901 22 SPECC1L 24334619 gene 22 6 0 0.0934348292611999 8.97289200159445
902 22 IGLL1 23651839 gene 22 6 0 0.64928421438454 17.6839399254197
903 22 CABIN1 24217019 gene 22 6 0 0.0594429007096303 4.62150270923833
904 22 SEZ6L 26074232 gene 22 7 0 0.0360737300661134 4.78036146307937
905 22 EMID1 29492496 gene 22 10 0 0.0332815574070889 4.87202441022679
906 22 LIMK2 31101893 gene 22 11 0 0.0747156341881085 6.62998785245239
907 22 RFPL2 32183755 gene 22 11 0 0.0668572337032729 5.57978835363758
908 22 SLC5A4 32210144 gene 22 11 0 0.067161732262475 5.61918127192768
909 22 SELENOM 31079565 gene 22 11 0 0.0669812368791741 5.56606328418596
910 22 MYH9 36498575 gene 22 14 0 0.0418176118968383 4.53101961891502
911 22 BAIAP2L2 38078845 gene 22 15 0 0.0393170067841508 5.81119716323117
912 22 NPTXR 38831829 gene 22 15 0 0.202148009220187 21.8877131610387
913 22 TRIOBP 37726455 gene 22 15 0 0.0342518223844379 4.46515621997095
914 22 CBY1 38483935 gene 22 15 0 0.0350969414500758 5.34139571286902
915 22 CYP2D6 42149230 gene 22 17 0 0.0064275156639162 8.68688091776465
916 22 PARVB 43999509 gene 22 19 0 0.174304129378329 19.3448068887414
917 22 FAM118A 45317139 gene 22 20 0 0.0346561256671777 5.61711301648557
918 22 SMC1B 45276407 gene 22 20 0 0.0417752587785652 7.81307963985596
919 22 TRMU 46091336 gene 22 21 0 0.0966219825476677 5.71942333104664
920 22 CPT1B 50717398 gene 22 24 0 0.0249237736275725 4.69102935983014
921 22 ARSA 50626487 gene 22 24 0 0.027205498486689 6.11695199596034
922 1 NDUFS5 39074766 gene 1 24 1 0.920075426288485 20.0826685581439
923 1 BMP8A 39504797 gene 1 24 0 0.0396057885295664 4.88512258068853
924 1 DYRK3 206659060 gene 1 105 0 0.0688996069102849 12.3414694723992
925 1 CD46 207761504 gene 1 105 0 0.363910351653361 18.2807205814257
926 21 ATP5PO 33897463 gene 21 15 0 0.916839360471412 18.6415424534806
